Applications Graphics Acceleration Info:
Uptime: 8045678 Realtime: 8045678

** Graphics info for pid 7227 [co.fallsoft.pocket] **

Stats since: 8031670277616ns
Total frames rendered: 407
Janky frames: 314 (77.15%)
Janky frames (legacy): 407 (100.00%)
50th percentile: 69ms
90th percentile: 85ms
95th percentile: 93ms
99th percentile: 109ms
Number Missed Vsync: 277
Number High input latency: 186
Number Slow UI thread: 212
Number Slow bitmap uploads: 9
Number Slow issue draw commands: 314
Number Frame deadline missed: 314
Number Frame deadline missed (legacy): 314
HISTOGRAM: 5ms=0 6ms=0 7ms=0 8ms=0 9ms=0 10ms=0 11ms=0 12ms=0 13ms=0 14ms=0 15ms=0 16ms=0 17ms=0 18ms=0 19ms=0 20ms=0 21ms=0 22ms=0 23ms=0 24ms=0 25ms=0 26ms=0 27ms=0 28ms=0 29ms=0 30ms=0 31ms=0 32ms=0 34ms=0 36ms=0 38ms=1 40ms=0 42ms=4 44ms=4 46ms=4 48ms=15 53ms=31 57ms=47 61ms=39 65ms=44 69ms=63 73ms=53 77ms=25 81ms=22 85ms=20 89ms=14 93ms=7 97ms=2 101ms=2 105ms=3 109ms=3 113ms=2 117ms=0 121ms=2 125ms=0 129ms=0 133ms=0 150ms=0 200ms=0 250ms=0 300ms=0 350ms=0 400ms=0 450ms=0 500ms=0 550ms=0 600ms=0 650ms=0 700ms=0 750ms=0 800ms=0 850ms=0 900ms=0 950ms=0 1000ms=0 1050ms=0 1100ms=0 1150ms=0 1200ms=0 1250ms=0 1300ms=0 1350ms=0 1400ms=0 1450ms=0 1500ms=0 1550ms=0 1600ms=0 1650ms=0 1700ms=0 1750ms=0 1800ms=0 1850ms=0 1900ms=0 1950ms=0 2000ms=0 2050ms=0 2100ms=0 2150ms=0 2200ms=0 2250ms=0 2300ms=0 2350ms=0 2400ms=0 2450ms=0 2500ms=0 2550ms=0 2600ms=0 2650ms=0 2700ms=0 2750ms=0 2800ms=0 2850ms=0 2900ms=0 2950ms=0 3000ms=0 3050ms=0 3100ms=0 3150ms=0 3200ms=0 3250ms=0 3300ms=0 3350ms=0 3400ms=0 3450ms=0 3500ms=0 3550ms=0 3600ms=0 3650ms=0 3700ms=0 3750ms=0 3800ms=0 3850ms=0 3900ms=0 3950ms=0 4000ms=0 4050ms=0 4100ms=0 4150ms=0 4200ms=0 4250ms=0 4300ms=0 4350ms=0 4400ms=0 4450ms=0 4500ms=0 4550ms=0 4600ms=0 4650ms=0 4700ms=0 4750ms=0 4800ms=0 4850ms=0 4900ms=0 4950ms=0
50th gpu percentile: 4950ms
90th gpu percentile: 4950ms
95th gpu percentile: 4950ms
99th gpu percentile: 4950ms
GPU HISTOGRAM: 1ms=0 2ms=0 3ms=0 4ms=0 5ms=0 6ms=0 7ms=0 8ms=0 9ms=0 10ms=0 11ms=0 12ms=0 13ms=0 14ms=0 15ms=0 16ms=0 17ms=0 18ms=0 19ms=0 20ms=3 21ms=1 22ms=4 23ms=3 24ms=5 25ms=10 4950ms=381

Pipeline=Skia (OpenGL)
Memory policy:
  Max surface area: 2592000
  Max resource usage: 124.42MB (x48)
  Background retention: 50% (altUiHidden = true)
  GPU Context timeout: 10
Contexts: 1 (stopped = 0)
CPU Caches:
  Glyph Cache: 81.45 KB (1 entry)
  Glyph Count: 26
Total CPU memory usage:
  83408 bytes, 81.45 KB (0.00 bytes is purgeable)
GPU Caches:
  Other:
    Other: 17.16 KB (1 entry)
  Image:
    Texture: 69.50 MB (42 entries)
  Scratch:
    Texture: 38.38 MB (21 entries)
    Buffer Object: 144.00 KB (4 entries)
Total GPU memory usage:
  113280224 bytes, 108.03 MB (105.97 MB is purgeable)

Profile data in ms:

	co.fallsoft.pocket/co.fallsoft.pocket.MainActivity/android.view.ViewRootImpl@5ccee6 (visibility=0)
Window: co.fallsoft.pocket/co.fallsoft.pocket.MainActivity
Stats since: 8031670277131ns
Total frames rendered: 407
Janky frames: 314 (77.15%)
Janky frames (legacy): 407 (100.00%)
50th percentile: 69ms
90th percentile: 85ms
95th percentile: 93ms
99th percentile: 109ms
Number Missed Vsync: 277
Number High input latency: 186
Number Slow UI thread: 212
Number Slow bitmap uploads: 9
Number Slow issue draw commands: 314
Number Frame deadline missed: 314
Number Frame deadline missed (legacy): 314
HISTOGRAM: 5ms=0 6ms=0 7ms=0 8ms=0 9ms=0 10ms=0 11ms=0 12ms=0 13ms=0 14ms=0 15ms=0 16ms=0 17ms=0 18ms=0 19ms=0 20ms=0 21ms=0 22ms=0 23ms=0 24ms=0 25ms=0 26ms=0 27ms=0 28ms=0 29ms=0 30ms=0 31ms=0 32ms=0 34ms=0 36ms=0 38ms=1 40ms=0 42ms=4 44ms=4 46ms=4 48ms=15 53ms=31 57ms=47 61ms=39 65ms=44 69ms=63 73ms=53 77ms=25 81ms=22 85ms=20 89ms=14 93ms=7 97ms=2 101ms=2 105ms=3 109ms=3 113ms=2 117ms=0 121ms=2 125ms=0 129ms=0 133ms=0 150ms=0 200ms=0 250ms=0 300ms=0 350ms=0 400ms=0 450ms=0 500ms=0 550ms=0 600ms=0 650ms=0 700ms=0 750ms=0 800ms=0 850ms=0 900ms=0 950ms=0 1000ms=0 1050ms=0 1100ms=0 1150ms=0 1200ms=0 1250ms=0 1300ms=0 1350ms=0 1400ms=0 1450ms=0 1500ms=0 1550ms=0 1600ms=0 1650ms=0 1700ms=0 1750ms=0 1800ms=0 1850ms=0 1900ms=0 1950ms=0 2000ms=0 2050ms=0 2100ms=0 2150ms=0 2200ms=0 2250ms=0 2300ms=0 2350ms=0 2400ms=0 2450ms=0 2500ms=0 2550ms=0 2600ms=0 2650ms=0 2700ms=0 2750ms=0 2800ms=0 2850ms=0 2900ms=0 2950ms=0 3000ms=0 3050ms=0 3100ms=0 3150ms=0 3200ms=0 3250ms=0 3300ms=0 3350ms=0 3400ms=0 3450ms=0 3500ms=0 3550ms=0 3600ms=0 3650ms=0 3700ms=0 3750ms=0 3800ms=0 3850ms=0 3900ms=0 3950ms=0 4000ms=0 4050ms=0 4100ms=0 4150ms=0 4200ms=0 4250ms=0 4300ms=0 4350ms=0 4400ms=0 4450ms=0 4500ms=0 4550ms=0 4600ms=0 4650ms=0 4700ms=0 4750ms=0 4800ms=0 4850ms=0 4900ms=0 4950ms=0
50th gpu percentile: 4950ms
90th gpu percentile: 4950ms
95th gpu percentile: 4950ms
99th gpu percentile: 4950ms
GPU HISTOGRAM: 1ms=0 2ms=0 3ms=0 4ms=0 5ms=0 6ms=0 7ms=0 8ms=0 9ms=0 10ms=0 11ms=0 12ms=0 13ms=0 14ms=0 15ms=0 16ms=0 17ms=0 18ms=0 19ms=0 20ms=3 21ms=1 22ms=4 23ms=3 24ms=5 25ms=10 4950ms=381



---PROFILEDATA---
Flags,FrameTimelineVsyncId,IntendedVsync,Vsync,InputEventId,HandleInputStart,AnimationStart,PerformTraversalsStart,DrawStart,FrameDeadline,FrameInterval,FrameStartTime,SyncQueued,SyncStart,IssueDrawCommandsStart,SwapBuffers,FrameCompleted,DequeueBufferDuration,QueueBufferDuration,GpuCompleted,SwapBuffersCompleted,DisplayPresentTime,CommandSubmissionCompleted,
0,3774682,8041682195568,8041698862234,0,8041708421933,8041708422521,8041708637396,8041708674637,8041782195564,8041708413748,16666666,8041709806233,8041740383758,8041740488463,8041744680495,8041782458229,5104,253255,8041782458229,8041775764738,0,8041744680495,
0,3774690,8041715528900,8041732195566,0,8041744760053,8041744761096,8041744975572,8041745013322,8041815528896,8041744750051,16666666,8041746332933,8041775834362,8041775940206,8041781703086,8041817095276,5643,456090,8041817095276,8041814071809,0,8041781703086,
0,3774698,8041765528898,8041765528898,0,8041777857140,8041777857768,8041777982169,8041778018551,8041848862228,8041777850940,16666666,8041778931949,8041815369660,8041815471578,8041823158305,8041867537035,6750,260707,8041867537035,8041851701206,0,8041823158305,
0,3774706,8041782195564,8041815528896,0,8041820739339,8041820740492,8041821806764,8041821865402,8041898862226,8041820729661,16666666,8041823322707,8041855563840,8041855717041,8041859674983,8041901097418,8175,275143,8041901097418,8041888249397,0,8041859674983,
0,3774714,8041832195562,8041848862228,0,8041857032137,8041857032913,8041857278041,8041857320870,8041932195558,8041857022221,16666666,8041858922596,8041889870161,8041890065270,8041894722625,8041924913846,5066,254942,8041924807038,8041924913846,0,8041894722625,
0,3774722,8041865528894,8041882195560,0,8041891071546,8041891072068,8041891284454,8041891326001,8041948862224,8041891062817,16666666,8041893039488,8041926755602,8041926895661,8041933436567,8041982452907,8742,317868,8041982452907,8041965918128,0,8041933436567,
0,3774730,8041898862226,8041915528892,0,8041928467829,8041928468603,8041928612734,8041928648055,8042015528888,8041928460959,16666666,8041929856070,8041966005092,8041969398489,8041974994597,8042015750644,4553,172743,8042015750644,8042005118794,0,8041974994597,
0,3774738,8041932195558,8041965528890,0,8041967580464,8041967581409,8041967781424,8041967835219,8042048862220,8041967572611,16666666,8041969285006,8042005186272,8042005314921,8042007113581,8042040764867,8076,392721,8042040624823,8042040764867,0,8042007113581,
0,3774746,8041982195556,8041998862222,0,8042005854661,8042005855350,8042006187038,8042006226782,8042065528886,8042005847895,16666666,8042007215616,8042040862593,8042041002241,8042049026538,8042102236225,7495,312191,8042102236225,8042081702276,0,8042049026538,
0,3774754,8042015528888,8042032195554,0,8042041739835,8042041740506,8042041927317,8042041967555,8042132195550,8042041731169,16666666,8042043297328,8042081784153,8042081931926,8042086648345,8042120199215,8449867,442006,8042120199215,8042119561387,0,8042086648345,
0,3774762,8042048862220,8042082195552,0,8042083159811,8042083160786,8042083422897,8042083473326,8042148862216,8042083147477,16666666,8042086195183,8042119633802,8042119760629,8042122141218,8042150642665,8766,391398,8042150451566,8042150642665,0,8042122141218,
0,3774770,8042098862218,8042115528884,0,8042120789142,8042120790314,8042121100668,8042121136907,8042182195548,8042120778942,16666666,8042122390027,8042150725978,8042150880275,8042153304178,8042199523753,7815,424724,8042199523753,8042184951598,0,8042153304178,
0,3774778,8042132195550,8042148862216,0,8042152108129,8042152108903,8042152309074,8042152348042,8042232195546,8042152099030,16666666,8042158956948,8042185903478,8042189968424,8042193213718,8042232424753,6327,294023,8042232424753,8042223816205,0,8042193213718,
0,3774786,8042165528882,8042182195548,0,8042192189288,8042192190395,8042192444671,8042192482270,8042265528878,8042192179724,16666666,8042193672895,8042224921965,8042225044674,8042228547848,8042265725703,5172,243144,8042265725703,8042258549340,0,8042228547848,
0,3774794,8042198862214,8042215528880,0,8042226638181,8042226638737,8042226792067,8042226841111,8042298862210,8042226630776,16666666,8042227756599,8042258617476,8042258725435,8042260797867,8042297046909,5223,248888,8042296980631,8042297046909,0,8042260797867,
0,3774802,8042232195546,8042248862212,0,8042259889389,8042259890619,8042260207445,8042260247796,8042315528876,8042259879945,16666666,8042261609308,8042297111369,8042297219540,8042298390013,8042333946626,8862,249262,8042333732599,8042333946626,0,8042298390013,
0,3774810,8042265528878,8042298862210,0,8042299020628,8042299021346,8042299448489,8042299488075,8042365528874,8042299011576,16666666,8042302038177,8042337612483,8042339820246,8042343339077,8042382410814,7836,318442,8042382410814,8042372817745,0,8042343339077,
0,3774818,8042315528876,8042332195542,0,8042341270729,8042341271551,8042341522678,8042341557384,8042415528872,8042341262261,16666666,8042342359772,8042374824523,8042375005345,8042380766277,8042435050462,7952,292167,8042435050462,8042413317067,0,8042380766277,
0,3774826,8042348862208,8042365528874,0,8042376771180,8042376771737,8042377067763,8042377109126,8042465528870,8042376762764,16666666,8042378562499,8042414387812,8042414542296,8042420786011,8042457510872,10457161,583399,8042452197498,8042457510872,0,8042420786011,
0,3774834,8042382195540,8042398862206,0,8042415266542,8042415267157,8042415507322,8042415547032,8042482195536,8042415260285,16666666,8042416534053,8042458767910,8042460447334,8042463548997,8042490099851,7124,333970,8042489965937,8042490099851,0,8042463548997,
0,3774841,8042415528872,8042448862204,0,8042461389520,8042461390219,8042461676030,8042461830549,8042515528868,8042461381463,16666666,8042463272851,8042492109564,8042492249683,8042496344725,8042533078072,5300,346560,8042533078072,8042524625828,0,8042496344725,
0,3774850,8042465528870,8042482195536,0,8042492876077,8042492876686,8042493040224,8042493078193,8042565528866,8042492869725,16666666,8042494101059,8042524693255,8042524799651,8042527402069,8042565762975,6930,306242,8042565762975,8042562545336,0,8042527402069,
0,3774858,8042498862202,8042515528868,0,8042529278265,8042529278956,8042529594268,8042529635112,8042598862198,8042529269691,16666666,8042530967787,8042562630129,8042565631624,8042568407346,8042598246650,5609,424674,8042598157497,8042598246650,0,8042568407346,
0,3774866,8042548862200,8042548862200,0,8042563581540,8042563582028,8042563777665,8042563818527,8042615528864,8042563575109,16666666,8042565248133,8042598324058,8042598477642,8042602920777,8042632921784,5258,209002,8042632832361,8042632921784,0,8042602920777,
0,3774874,8042565528866,8042615528864,0,8042619603875,8042619604822,8042619817454,8042620376032,8042665528862,8042619594281,16666666,8042621709778,8042632979787,8042633079946,8042634449494,8042683170119,8192,376537,8042683170119,8042668859258,0,8042634449494,
0,3774882,8042632195530,8042632195530,0,8042634237680,8042634238850,8042634429138,8042634476777,8042715528860,8042634139491,16666666,8042635766935,8042668941415,8042669067562,8042674767056,8042704200316,3091067,251620,8042704200316,8042699025017,0,8042674767056,
0,3774890,8042648862196,8042665528862,0,8042671313512,8042671314345,8042671475096,8042671510646,8042732195526,8042671304892,16666666,8042672926985,8042699536069,8042699647522,8042706260939,8042733345754,7568,295048,8042733216920,8042733345754,0,8042706260939,
0,3774898,8042682195528,8042698862194,0,8042700614988,8042700615613,8042700787183,8042700824521,8042765528858,8042700606563,16666666,8042702090472,8042734562939,8042734691506,8042740412512,8042771747641,6550,352088,8042771620764,8042771747641,0,8042740412512,
0,3774906,8042698862194,8042732195526,0,8042734873962,8042734874587,8042735653680,8042735688800,8042798862190,8042734865863,16666666,8042736698772,8042771830006,8042771978286,8042775137034,8042817133243,6955,317483,8042817133243,8042803138931,0,8042775137034,
0,3774914,8042748862192,8042765528858,0,8042774142311,8042774143133,8042774430878,8042774470805,8042848862188,8042774133027,16666666,8042775823825,8042805339884,8042805477966,8042811091441,8042851107773,7028,278633,8042851107773,8042838307783,0,8042811091441,
0,3774922,8042782195524,8042798862190,0,8042808760698,8042808761579,8042809363554,8042809408404,8042882195520,8042808749850,16666666,8042810737520,8042839321149,8042839464273,8042845404738,8042887374371,8612,972220,8042887374371,8042870187351,0,8042845404738,
0,3774930,8042815528856,8042832195522,0,8042842280046,8042842281338,8042842595035,8042842634930,8042915528852,8042842271177,16666666,8042843995575,8042875511081,8042875686357,8042879311666,8042915801868,9756058,484866,8042915801868,8042910218971,0,8042879311666,
0,3774938,8042848862188,8042865528854,0,8042877625026,8042877626040,8042877867869,8042877911688,8042948862184,8042877615218,16666666,8042879281856,8042914002689,8042914144005,8042917724856,8042949632256,6660,292525,8042949632256,8042945636999,0,8042917724856,
0,3774946,8042882195520,8042898862186,0,8042914948643,8042914949627,8042915113049,8042915156023,8042982195516,8042914940360,16666666,8042917073470,8042945714837,8042946171686,8042949711860,8042982937689,6452,310915,8042982937689,8042977090973,0,8042949711860,
0,3774954,8042915528852,8042932195518,0,8042946810431,8042946811145,8042947112811,8042947150797,8043015528848,8042946800442,16666666,8042949075528,8042977157770,8042977281874,8042981258664,8043017369715,8777,566596,8043017369715,8043007685927,0,8042981258664,
0,3774963,8042948873283,8042965539947,0,8042980731358,8042980732293,8042980979327,8042981021978,8043048862180,8042980722175,16666664,8042982529261,8043007770295,8043007922080,8043011631008,8043049215284,6820,265552,8043049215284,8043034194791,0,8043011631008,
0,3774970,8042982195516,8042998862182,0,8043008649345,8043008650043,8043008837912,8043008899900,8043082206597,8043008639610,16666666,8043010139294,8043034270122,8043034403132,8043037648257,8043059055011,6334,257730,8043058954933,8043059055011,0,8043037648257,
0,3774978,8043015528848,8043032195514,0,8043037540906,8043037541646,8043037728836,8043037765086,8043098873263,8043037531266,16666666,8043038742206,8043059132954,8043059259246,8043069917319,8043095806796,6691,494087,8043095685383,8043095806796,0,8043069917319,
0,3774986,8043048862180,8043048862180,0,8043059754395,8043059754912,8043059894651,8043059929519,8043115539929,8043059750995,16666666,8043063746723,8043095900584,8043096067991,8043098552409,8043127322187,7746,314501,8043127202918,8043127322187,0,8043098552409,
0,3774994,8043065528846,8043082195512,0,8043096652851,8043096653428,8043096885480,8043096921325,8043148862176,8043096645372,16666666,8043097797102,8043127401470,8043127535343,8043130571303,8043166157251,6968,341442,8043166157251,8043157218525,0,8043130571303,
0,3775002,8043115528844,8043115528844,0,8043128226147,8043128226678,8043128392086,8043128429517,8043198862174,8043128220826,16666666,8043129748760,8043157293051,8043157435615,8043162186292,8043199177095,6911,269215,8043199177095,8043188813489,0,8043162186292,
0,3775010,8043132195510,8043148862176,0,8043159583337,8043159584887,8043159878590,8043159932499,8043232195506,8043159570318,16666666,8043162696037,8043188905505,8043189041320,8043191007134,8043220671673,6489,275536,8043220571482,8043220671673,0,8043191007134,
0,3775018,8043165528842,8043182195508,0,8043189792478,8043189793292,8043190001327,8043190041406,8043248862172,8043189783784,16666666,8043191324647,8043221385639,8043221505733,8043226591700,8043254902864,8177,436996,8043254737563,8043254902864,0,8043226591700,
0,3775026,8043198862174,8043215528840,0,8043222479954,8043222480564,8043222608351,8043222644539,8043282195504,8043222471936,16666666,8043223549763,8043254980201,8043255117923,8043258707395,8043301164459,8339,434043,8043301164459,8043292371893,0,8043258707395,
0,3775034,8043232195506,8043248862172,0,8043257954131,8043257955202,8043258589413,8043258628432,8043332195502,8043257944345,16666666,8043260004707,8043293810316,8043295178363,8043300294543,8043327209642,8711,590380,8043327073269,8043327209642,0,8043300294543,
0,3775042,8043265528838,8043282195504,0,8043297295309,8043297296534,8043297548058,8043297588154,8043348862168,8043297285231,16666666,8043301870493,8043329611035,8043331630442,8043337228986,8043382398316,11757,335117,8043382398316,8043366521627,0,8043337228986,
0,3775050,8043315528836,8043332195502,0,8043336307124,8043336308400,8043336618454,8043336677879,8043415528832,8043336295572,16666666,8043338532563,8043367467434,8043367594934,8043374767685,8043415741827,5915,244712,8043415741827,8043399536147,0,8043374767685,
0,3775058,8043348862168,8043365528834,0,8043369014888,8043369016158,8043369275873,8043369546200,8043448862164,8043369004119,16666666,8043371649162,8043401279604,8043401421319,8043408740249,8043449097264,7162,281930,8043449097264,8043434215842,0,8043408740249,
0,3775066,8043382195500,8043398862166,0,8043403105690,8043403106447,8043406099645,8043406148115,8043482195496,8043403099197,16666666,8043407242035,8043435173403,8043437214365,8043441944150,8043484567845,7971,279123,8043484567845,8043470441211,0,8043441944150,
0,3775074,8043415528832,8043432195498,0,8043438966705,8043438967582,8043439328675,8043439369313,8043515528828,8043438955962,16666666,8043440798592,8043472511176,8043472647444,8043478931128,8043515821171,6301,272369,8043515821171,8043503558273,0,8043478931128,
0,3775082,8043448862164,8043465528830,0,8043473410316,8043473410870,8043473532578,8043473569903,8043548862160,8043473404128,16666666,8043474439982,8043503637485,8043503765362,8043506159595,8043549300412,6307,334729,8043549300412,8043532598739,0,8043506159595,
0,3775090,8043482195496,8043498862162,0,8043504526384,8043504527032,8043504698458,8043504737540,8043582195492,8043504518157,16666666,8043506030243,8043532671775,8043532798231,8043538052796,8043569771077,235954,582511,8043569771077,8043554734887,0,8043538052796,
0,3775098,8043515528828,8043532195494,0,8043533371284,8043533371853,8043533490928,8043533526261,8043598862158,8043533364525,16666666,8043534403739,8043554812037,8043554960726,8043561638137,8043590896030,6939,264470,8043590753122,8043590896030,0,8043561638137,
0,3775105,8043532195494,8043548862160,0,8043555985060,8043555985440,8043560282365,8043560327487,8043615528824,8043555975288,16666666,8043562113721,8043590968473,8043591103637,8043594085869,8043632952500,5506,378019,8043632952500,8043620039598,0,8043594085869,
0,3775114,8043565528826,8043582195492,0,8043591621333,8043591621807,8043591750370,8043591784577,8043665528822,8043591614365,16666666,8043592753727,8043620106402,8043620734843,8043624816367,8043649053167,2192606,262226,8043649053167,8043649044485,0,8043624816367,
0,3775122,8043598862158,8043615528824,0,8043620788362,8043620788878,8043621028549,8043621063807,8043682195488,8043620781595,16666666,8043622044347,8043649112242,8043649235351,8043653125371,8043678742336,4432,245688,8043678485665,8043678742336,0,8043653125371,
0,3775130,8043632195490,8043648862156,0,8043649693107,8043649693509,8043650367155,8043650398542,8043698862154,8043649686617,16666666,8043651937081,8043678807176,8043678959143,8043682160176,8043717143136,4990,248700,8043717143136,8043710753249,0,8043682160176,
0,3775138,8043665528822,8043665528822,0,8043679802703,8043679803651,8043679945406,8043679985708,8043748862152,8043679796596,16666666,8043680980774,8043710813616,8043710925720,8043716587621,8043749075947,5924,286624,8043749075947,8043743215198,0,8043716587621,
0,3775146,8043682195488,8043698862154,0,8043711677406,8043711678190,8043711837220,8043711890426,8043782195484,8043711669497,16666666,8043713374547,8043743930409,8043744089336,8043748998787,8043782431412,6485,252721,8043782431412,8043776467165,0,8043748998787,
0,3775154,8043715528820,8043732195486,0,8043747429527,8043747430653,8043747633037,8043747668270,8043815528816,8043747422737,16666666,8043754285441,8043776537330,8043776656085,8043781054016,8043815737508,4803,154501,8043815737508,8043807959984,0,8043781054016,
0,3775162,8043748862152,8043765528818,0,8043778399755,8043778400739,8043778580548,8043778617765,8043848862148,8043778390982,16666666,8043779857632,8043808536955,8043808628233,8043814510865,8043849194768,8062,279768,8043849194768,8043840168576,0,8043814510865,
0,3775170,8043782195484,8043798862150,0,8043810063175,8043810063856,8043810191522,8043810226430,8043882195480,8043810054162,16666666,8043811190210,8043842180199,8043842337292,8043847394787,8043882381814,6125,212859,8043882381814,8043873807909,0,8043847394787,
0,3775178,8043815528816,8043832195482,0,8043844342456,8043844343323,8043844553001,8043844590350,8043915528812,8043844333349,16666666,8043845832548,8043876047900,8043876185810,8043880871961,8043916081684,5234,240400,8043916081684,8043910613145,0,8043880871961,
0,3775186,8043848862148,8043865528814,0,8043877431051,8043877432036,8043877689429,8043877728566,8043948862144,8043877421173,16666666,8043879345691,8043912267841,8043912397287,8043914723666,8043938809597,5196,224596,8043938740898,8043938809597,0,8043914723666,
0,3775194,8043882195480,8043898862146,0,8043913548812,8043913549551,8043913789778,8043913828190,8043965528810,8043913538566,16666666,8043915224435,8043940081025,8043940195709,8043942359847,8043984295339,9520,418006,8043984295339,8043971789923,0,8043942359847,
0,3775202,8043915528812,8043932195478,0,8043942487935,8043942488676,8043942645907,8043942685885,8044015528808,8043942480801,16666666,8043943747824,8043971934958,8043972252157,8043975668866,8043999406760,7286,278084,8043999406760,8043998767231,0,8043975668866,
0,3775210,8043948862144,8043965528810,0,8043974023656,8043974024321,8043974199894,8043974288672,8044032195474,8043974015292,16666666,8043975634211,8043998848749,8043999110153,8044004332947,8044032285026,5538,215480,8044032200027,8044032285026,0,8044004332947,
0,3775218,8043982195476,8043998862142,0,8044000594624,8044000595192,8044000767749,8044000807057,8044065528806,8044000586421,16666666,8044002141071,8044032354330,8044032465391,8044037050334,8044082453334,6998,258917,8044082453334,8044066398698,0,8044037050334,
0,3775227,8044015528808,8044032195474,0,8044033073327,8044033073911,8044033211009,8044033248776,8044115528804,8044033064749,16666666,8044034182782,8044066478647,8044066698676,8044071259333,8044101056548,7026,370793,8044101056548,8044092646203,0,8044071259333,
0,3775234,8044032195474,8044065528806,0,8044066895671,8044066896307,8044067477775,8044067513525,8044132195470,8044066887468,16666666,8044068813013,8044092725423,8044092858458,8044099043599,8044128912938,5791,280120,8044128789403,8044128912938,0,8044099043599,
0,3775243,8044082195472,8044082195472,0,8044095369309,8044095369893,8044095536588,8044095573062,8044148862136,8044095364499,16666666,8044097245813,8044128990710,8044129118827,8044132728791,8044165760403,7196,318995,8044165760403,8044158503684,0,8044132728791,
0,3775251,8044098862138,8044115528804,0,8044129666445,8044129667084,8044129788965,8044129823815,8044198862134,8044129660100,16666666,8044130689550,8044158748586,8044158901225,8044164197625,8044199224347,4760,222795,8044199224347,8044190087616,0,8044164197625,
0,3775259,8044132195470,8044148862136,0,8044162687807,8044162688807,8044162899341,8044162944284,8044232195466,8044162680045,16666666,8044164891760,8044190149396,8044190255951,8044194010190,8044234215282,9012,308525,8044234215282,8044220624334,0,8044194010190,
0,3775267,8044165528802,8044182195468,0,8044190854942,8044190855628,8044191046909,8044191084491,8044265528798,8044190846474,16666666,8044192431367,8044220723161,8044220849273,8044226201011,8044254691010,1818763,274958,8044254691010,8044247452186,0,8044226201011,
0,3775275,8044198862134,8044215528800,0,8044222012668,8044222014453,8044222204049,8044222238987,8044282195464,8044222002991,16666666,8044223493877,8044247524936,8044247658157,8044259103113,8044299081458,6965,293052,8044299081458,8044289990330,0,8044259103113,
0,3775283,8044232195466,8044248862132,0,8044252130464,8044252131643,8044252560089,8044252596635,8044332195462,8044252121464,16666666,8044259195086,8044290074755,8044294001963,8044297027688,8044328767427,6729,271641,8044328664406,8044328767427,0,8044297027688,
0,3775291,8044248862132,8044282195464,0,8044296383429,8044296384926,8044299939991,8044299991906,8044348862128,8044296369910,16666666,8044305920703,8044335689757,8044335844234,8044344423504,8044367639185,9569,272505,8044367355465,8044367639185,0,8044344423504,
0,3775299,8044298862130,8044332195462,0,8044337169996,8044337170268,8044340560249,8044340597984,8044398862126,8044337159982,16666666,8044341900877,8044369348623,8044370280406,8044375441302,8044417025210,7305,282830,8044417025210,8044402216153,0,8044375441302,
0,3775307,8044348862128,8044365528794,0,8044373078765,8044373079661,8044373290421,8044373329571,8044448862124,8044373068283,16666666,8044374173607,8044405524077,8044405672261,8044409836635,8044451931827,6262,358885,8044451931827,8044430673507,0,8044409836635,
0,3775315,8044382195460,8044398862126,0,8044408158145,8044408159100,8044408363372,8044408398871,8044482195456,8044408148450,16666666,8044409611224,8044431592801,8044431724051,8044438812442,8044467398990,12938800,265680,8044466682743,8044467398990,0,8044438812442,
0,3775323,8044415528792,8044432195458,0,8044432736856,8044432738182,8044432946594,8044433179344,8044498862122,8044432727271,16666666,8044434634666,8044467479952,8044467610181,8044470819469,8044502192824,5172,221318,8044502192824,8044496558679,0,8044470819469,
0,3775330,8044432195458,8044465528790,0,8044468632798,8044468633680,8044468908916,8044468954885,8044532195454,8044468623765,16666666,8044470800732,8044496617129,8044496786084,8044502224065,8044532413342,4870,237191,8044532413342,8044527434373,0,8044502224065,
0,3775339,8044482195456,8044498862122,0,8044499722031,8044499723623,8044500239025,8044500300066,8044565528786,8044499707830,16666666,8044502561740,8044527498647,8044527605961,8044531705354,8044568350124,6351,310984,8044568350124,8044557490066,0,8044531705354,
0,3775347,8044515528788,8044515528788,0,8044530786074,8044530786650,8044530972131,8044531007363,8044598862118,8044530781609,16666666,8044531875487,8044557573049,8044557714126,8044561378237,8044587707731,7249,320299,8044587597093,8044587707731,0,8044561378237,
0,3775355,8044532195454,8044548862120,0,8044558806220,8044558806952,8044559106718,8044559158597,8044615528784,8044558795490,16666666,8044561294501,8044587791354,8044587947408,8044589871234,8044632577941,6602,438876,8044632577941,8044620970266,0,8044589871234,
0,3775363,8044565528786,8044582195452,0,8044588712783,8044588713305,8044588812533,8044588844356,8044665528782,8044588706925,16666666,8044589668498,8044621048347,8044621181817,8044625234458,8044665714700,6375,302975,8044665714700,8044654801331,0,8044625234458,
0,3775371,8044598862118,8044615528784,0,8044621815650,8044621816172,8044622020025,8044622056807,8044698862114,8044621807271,16666666,8044623292405,8044654876116,8044655010504,8044659712747,8044684203525,8909,286766,8044684092831,8044684203525,0,8044659712747,
0,3775379,8044632195450,8044648862116,0,8044656673586,8044656673955,8044656845304,8044656901615,8044715528780,8044656666248,16666666,8044658173166,8044684285223,8044684416031,8044686820141,8044734793129,5119,258592,8044734793129,8044717628685,0,8044686820141,
0,3775387,8044665528782,8044682195448,0,8044685437109,8044685437619,8044685618182,8044685656209,8044765528778,8044685428615,16666666,8044686989398,8044717702485,8044717814541,8044721855777,8044749179330,291377,187540,8044749179330,8044746232377,0,8044721855777,
0,3775395,8044698862114,8044715528780,0,8044721165043,8044721166966,8044721779590,8044721836082,8044782195444,8044721150102,16666666,8044724792144,8044746302532,8044746406021,8044752782523,8044782382805,7742,253424,8044782382805,8044781912039,0,8044752782523,
0,3775403,8044732195446,8044732195446,0,8044748182125,8044748182977,8044748389496,8044748425921,8044815528776,8044748176637,16666666,8044751081103,8044781982588,8044782106774,8044788646707,8044832391588,6309,251028,8044832391588,8044818322841,0,8044788646707,
0,3775411,8044748862112,8044782195444,0,8044789187203,8044789188580,8044789436382,8044789477974,8044865528774,8044789175924,16666666,8044791681946,8044821230244,8044821737053,8044826594253,8044866138066,8018,260810,8044866138066,8044852251933,0,8044826594253,
0,3775419,8044798862110,8044815528776,0,8044826696407,8044826697446,8044826950551,8044826984288,8044898862106,8044826687829,16666666,8044827759403,8044853820742,8044853967469,8044857986728,8044899086693,6653,268721,8044899086693,8044882819167,0,8044857986728,
0,3775427,8044832195442,8044848862108,0,8044855579354,8044855579885,8044855755619,8044855793216,8044932195438,8044855571343,16666666,8044857179438,8044883794842,8044884799411,8044888453146,8044917025650,4681,349263,8044917025650,8044911584653,0,8044888453146,
0,3775435,8044865528774,8044882195440,0,8044885531655,8044885532408,8044885781679,8044885827542,8044948862104,8044885520594,16666666,8044887341195,8044917065559,8044917209169,8044921451143,8044966393859,5042,251982,8044966393859,8044946979835,0,8044921451143,
0,3775443,8044898862106,8044915528772,0,8044918074259,8044918074901,8044918270469,8044918312330,8044998862102,8044918065948,16666666,8044919297065,8044948323766,8044948441466,8044953214956,8044982432311,2111839,1738818,8044982432311,8044973074126,0,8044953214956,
0,3775451,8044932195438,8044948862104,0,8044951910625,8044951911753,8044952252228,8044952295242,8045015528768,8044951881844,16666666,8044953712004,8044974085294,8044975331321,8044983656490,8045016155109,6692,285684,8045016155109,8045010041356,0,8044983656490,
0,3775459,8044965528770,8044965528770,0,8044981674735,8044981675593,8044982026475,8044982076798,8045048862100,8044981666283,16666666,8044984849651,8045010118830,8045012736644,8045014869574,8045040385155,5650,331091,8045040283113,8045040385155,0,8045014869574,
0,3775467,8044982195436,8044998862102,0,8045011057232,8045011058158,8045011273248,8045011309433,8045065528766,8045011047986,16666666,8045012646103,8045040464922,8045040597604,8045042466359,8045070460525,6430,271011,8045070357759,8045070460525,0,8045042466359,
0,3775475,8045015528768,8045032195434,0,8045041430798,8045041431383,8045041596103,8045041631715,8045098862098,8045041421678,16666666,8045042576482,8045070536226,8045070664163,8045074149146,8045103481493,3856884,327850,8045103481493,8045102740465,0,8045074149146,
0,3775483,8045048862100,8045065528766,0,8045071175582,8045071176149,8045071295747,8045071330269,8045132195430,8045071168321,16666666,8045072276968,8045102851078,8045103062600,8045107608393,8045133024537,5695,240342,8045133024537,8045130505184,0,8045107608393,
0,3775491,8045082195432,8045098862098,0,8045104789200,8045104789722,8045105110819,8045105151290,8045165528762,8045104781570,16666666,8045106210367,8045130579563,8045130715614,8045138966958,8045163805465,8203,317317,8045163688249,8045163805465,0,8045138966958,
0,3775500,8045115528764,8045132195430,0,8045132993598,8045132994456,8045133304208,8045133342083,8045182195428,8045132983931,16666666,8045135057374,8045163882568,8045164066270,8045169270635,8045199263481,5033,242220,8045199263481,8045193050527,0,8045169270635,
0,3775508,8045148862096,8045165528762,0,8045165720452,8045165721574,8045165974065,8045166011803,8045232195426,8045165710588,16666666,8045167291421,8045193119702,8045193229589,8045197433081,8045233208018,6530,286934,8045233208018,8045222967480,0,8045197433081,
0,3775516,8045165528762,8045182195428,0,8045194416879,8045194417420,8045194589432,8045194625344,8045265528758,8045194408443,16666666,8045195842620,8045223040658,8045223175129,8045228707177,8045265686582,4805,226554,8045265686582,8045253841568,0,8045228707177,
0,3775524,8045198862094,8045215528760,0,8045224993663,8045224995167,8045225820707,8045225880095,8045298862090,8045224975925,16666666,8045228081670,8045253910026,8045254036802,8045255994019,8045299125588,879947,372953,8045299125588,8045286187687,0,8045255994019,
0,3775532,8045232195426,8045248862092,0,8045255174797,8045255175401,8045255341286,8045255376629,8045332195422,8045255117850,16666666,8045256668945,8045287459242,8045290015122,8045292640361,8045334849068,8593,310622,8045334849068,8045321500568,0,8045292640361,
0,3775540,8045265528758,8045282195424,0,8045289748201,8045289749604,8045289967705,8045290006588,8045365528754,8045289737896,16666666,8045291451949,8045324834002,8045325563350,8045330008937,8045365753416,7676,269532,8045365753416,8045356676281,0,8045330008937,
0,3775548,8045298862090,8045315528756,0,8045328514969,8045328516158,8045328720370,8045328758292,8045398862086,8045328505015,16666666,8045330082515,8045359338518,8045359463399,8045364780647,8045415948268,7722,386142,8045415948268,8045394449601,0,8045364780647,
0,3775556,8045332195422,8045348862088,0,8045363289240,8045363290286,8045363492542,8045363532632,8045448862084,8045363280867,16666666,8045364959778,8045395515094,8045395666998,8045401648872,8045434848082,6105471,561889,8045434848082,8045432126354,0,8045401648872,
0,3775564,8045365528754,8045382195420,0,8045396812408,8045396813817,8045397182822,8045397226137,8045465528750,8045396802889,16666666,8045398807571,8045434105575,8045434230461,8045438399541,8045466057972,8838,325975,8045466057972,8045461315130,0,8045438399541,
0,3775571,8045398862086,8045432195418,0,8045445111688,8045445112317,8045447746752,8045447783973,8045498862082,8045445105709,16666666,8045448962007,8045463590188,8045463753463,8045466618364,8045502373835,4123,240881,8045502373835,8045491871836,0,8045466618364,
0,3775581,8045465528750,8045465528750,0,8045466093388,8045466094419,8045466371978,8045466418478,8045532195414,8045466088061,16666666,8045467799262,8045491946376,8045492088583,8045496937733,8045532522676,6278,288982,8045532522676,8045521839460,0,8045496937733,
0,3775588,8045482195416,8045482195416,0,8045493159658,8045493160669,8045496354884,8045496405196,8045565528746,8045493153132,16666666,8045497767254,8045521929917,8045522054078,8045524411001,8045552281022,6969,316465,8045552180699,8045552281022,0,8045524411001,
0,3775596,8045498862082,8045515528748,0,8045525712131,8045525712687,8045525877314,8045525929742,8045582195412,8045525703754,16666666,8045527361847,8045552346571,8045552471347,8045554276409,8045587296022,6512794,510097,8045587013997,8045587296022,0,8045554276409,
0,3775604,8045532195414,8045548862080,0,8045552916277,8045552916812,8045553025499,8045553064803,8045615528744,8045552909137,16666666,8045553837492,8045587360652,8045587454329,8045588762102,8045616292451,6903,304388,8045616292451,8045612151730,0,8045588762102,
0,3775612,8045565528746,8045582195412,0,8045587873835,8045587874241,8045587993564,8045588053180,8045648862076,8045587868390,16666666,8045588847995,8045612230317,8045612351448,8045616690926,8045653160544,7300,323965,8045653160544,8045641864384,0,8045616690926,
0,3775620,8045598862078,8045598862078,0,8045614030647,8045614031798,8045614304204,8045614354914,8045682195408,8045614025620,16666666,8045616632166,8045641964472,8045644093396,8045647281161,8045682479437,8490,482979,8045682479437,8045674560766,0,8045647281161,
0,3775628,8045615528744,8045632195410,0,8045642882069,8045642882744,8045643173045,8045643212067,8045715528740,8045642875140,16666666,8045645010262,8045674630009,8045674759085,8045676894153,8045700691663,6843,284229,8045700590519,8045700691663,0,8045676894153,
0,3775636,8045648862076,8045665528742,0,8045675242457,8045675243199,8045675357931,8045675400239,8045665528742,8045675236279,16666666,8045677018609,8045700769536,8045700897856,8045703130865,8041751072877,5764174,403425,8041751072877,8045732621059,0,8045703130865,
---PROFILEDATA---


View hierarchy:

  co.fallsoft.pocket/co.fallsoft.pocket.MainActivity/android.view.ViewRootImpl@5ccee6
  7 views, 11.96 kB of render nodes


Total ViewRootImpl   : 1
Total attached Views : 7
Total RenderNode     : 11.96 kB (used) / 36.03 kB (capacity)
