Applications Graphics Acceleration Info:
Uptime: 4679758 Realtime: 4679758

** Graphics info for pid 6069 [co.fallsoft.pocket] **

Stats since: 4666424618337ns
Total frames rendered: 384
Janky frames: 303 (78.91%)
Janky frames (legacy): 384 (100.00%)
50th percentile: 81ms
90th percentile: 101ms
95th percentile: 105ms
99th percentile: 129ms
Number Missed Vsync: 249
Number High input latency: 162
Number Slow UI thread: 302
Number Slow bitmap uploads: 11
Number Slow issue draw commands: 303
Number Frame deadline missed: 303
Number Frame deadline missed (legacy): 303
HISTOGRAM: 5ms=0 6ms=0 7ms=0 8ms=0 9ms=0 10ms=0 11ms=0 12ms=0 13ms=0 14ms=0 15ms=0 16ms=0 17ms=0 18ms=0 19ms=0 20ms=0 21ms=0 22ms=0 23ms=0 24ms=0 25ms=0 26ms=0 27ms=0 28ms=0 29ms=0 30ms=0 31ms=0 32ms=0 34ms=0 36ms=0 38ms=0 40ms=0 42ms=0 44ms=0 46ms=1 48ms=3 53ms=2 57ms=7 61ms=21 65ms=31 69ms=40 73ms=30 77ms=41 81ms=55 85ms=36 89ms=27 93ms=23 97ms=22 101ms=17 105ms=10 109ms=5 113ms=2 117ms=4 121ms=1 125ms=0 129ms=4 133ms=2 150ms=0 200ms=0 250ms=0 300ms=0 350ms=0 400ms=0 450ms=0 500ms=0 550ms=0 600ms=0 650ms=0 700ms=0 750ms=0 800ms=0 850ms=0 900ms=0 950ms=0 1000ms=0 1050ms=0 1100ms=0 1150ms=0 1200ms=0 1250ms=0 1300ms=0 1350ms=0 1400ms=0 1450ms=0 1500ms=0 1550ms=0 1600ms=0 1650ms=0 1700ms=0 1750ms=0 1800ms=0 1850ms=0 1900ms=0 1950ms=0 2000ms=0 2050ms=0 2100ms=0 2150ms=0 2200ms=0 2250ms=0 2300ms=0 2350ms=0 2400ms=0 2450ms=0 2500ms=0 2550ms=0 2600ms=0 2650ms=0 2700ms=0 2750ms=0 2800ms=0 2850ms=0 2900ms=0 2950ms=0 3000ms=0 3050ms=0 3100ms=0 3150ms=0 3200ms=0 3250ms=0 3300ms=0 3350ms=0 3400ms=0 3450ms=0 3500ms=0 3550ms=0 3600ms=0 3650ms=0 3700ms=0 3750ms=0 3800ms=0 3850ms=0 3900ms=0 3950ms=0 4000ms=0 4050ms=0 4100ms=0 4150ms=0 4200ms=0 4250ms=0 4300ms=0 4350ms=0 4400ms=0 4450ms=0 4500ms=0 4550ms=0 4600ms=0 4650ms=0 4700ms=0 4750ms=0 4800ms=0 4850ms=0 4900ms=0 4950ms=0
50th gpu percentile: 4950ms
90th gpu percentile: 4950ms
95th gpu percentile: 4950ms
99th gpu percentile: 4950ms
GPU HISTOGRAM: 1ms=0 2ms=0 3ms=0 4ms=0 5ms=0 6ms=0 7ms=0 8ms=0 9ms=0 10ms=0 11ms=0 12ms=0 13ms=0 14ms=0 15ms=0 16ms=0 17ms=0 18ms=0 19ms=1 20ms=1 21ms=2 22ms=1 23ms=0 24ms=6 25ms=5 4950ms=368

Pipeline=Skia (OpenGL)
Memory policy:
  Max surface area: 2592000
  Max resource usage: 124.42MB (x48)
  Background retention: 50% (altUiHidden = true)
  GPU Context timeout: 10
Contexts: 1 (stopped = 0)
CPU Caches:
  Glyph Cache: 81.45 KB (1 entry)
  Glyph Count: 26
Total CPU memory usage:
  83408 bytes, 81.45 KB (0.00 bytes is purgeable)
GPU Caches:
  Other:
    Other: 17.16 KB (1 entry)
  Image:
    Texture: 51.25 MB (35 entries)
  Scratch:
    Texture: 56.38 MB (30 entries)
    Buffer Object: 144.00 KB (4 entries)
Total GPU memory usage:
  113018080 bytes, 107.78 MB (105.72 MB is purgeable)

Profile data in ms:

	co.fallsoft.pocket/co.fallsoft.pocket.MainActivity/android.view.ViewRootImpl@340e423 (visibility=0)
Window: co.fallsoft.pocket/co.fallsoft.pocket.MainActivity
Stats since: 4666424617523ns
Total frames rendered: 384
Janky frames: 303 (78.91%)
Janky frames (legacy): 384 (100.00%)
50th percentile: 81ms
90th percentile: 101ms
95th percentile: 105ms
99th percentile: 129ms
Number Missed Vsync: 249
Number High input latency: 162
Number Slow UI thread: 302
Number Slow bitmap uploads: 11
Number Slow issue draw commands: 303
Number Frame deadline missed: 303
Number Frame deadline missed (legacy): 303
HISTOGRAM: 5ms=0 6ms=0 7ms=0 8ms=0 9ms=0 10ms=0 11ms=0 12ms=0 13ms=0 14ms=0 15ms=0 16ms=0 17ms=0 18ms=0 19ms=0 20ms=0 21ms=0 22ms=0 23ms=0 24ms=0 25ms=0 26ms=0 27ms=0 28ms=0 29ms=0 30ms=0 31ms=0 32ms=0 34ms=0 36ms=0 38ms=0 40ms=0 42ms=0 44ms=0 46ms=1 48ms=3 53ms=2 57ms=7 61ms=21 65ms=31 69ms=40 73ms=30 77ms=41 81ms=55 85ms=36 89ms=27 93ms=23 97ms=22 101ms=17 105ms=10 109ms=5 113ms=2 117ms=4 121ms=1 125ms=0 129ms=4 133ms=2 150ms=0 200ms=0 250ms=0 300ms=0 350ms=0 400ms=0 450ms=0 500ms=0 550ms=0 600ms=0 650ms=0 700ms=0 750ms=0 800ms=0 850ms=0 900ms=0 950ms=0 1000ms=0 1050ms=0 1100ms=0 1150ms=0 1200ms=0 1250ms=0 1300ms=0 1350ms=0 1400ms=0 1450ms=0 1500ms=0 1550ms=0 1600ms=0 1650ms=0 1700ms=0 1750ms=0 1800ms=0 1850ms=0 1900ms=0 1950ms=0 2000ms=0 2050ms=0 2100ms=0 2150ms=0 2200ms=0 2250ms=0 2300ms=0 2350ms=0 2400ms=0 2450ms=0 2500ms=0 2550ms=0 2600ms=0 2650ms=0 2700ms=0 2750ms=0 2800ms=0 2850ms=0 2900ms=0 2950ms=0 3000ms=0 3050ms=0 3100ms=0 3150ms=0 3200ms=0 3250ms=0 3300ms=0 3350ms=0 3400ms=0 3450ms=0 3500ms=0 3550ms=0 3600ms=0 3650ms=0 3700ms=0 3750ms=0 3800ms=0 3850ms=0 3900ms=0 3950ms=0 4000ms=0 4050ms=0 4100ms=0 4150ms=0 4200ms=0 4250ms=0 4300ms=0 4350ms=0 4400ms=0 4450ms=0 4500ms=0 4550ms=0 4600ms=0 4650ms=0 4700ms=0 4750ms=0 4800ms=0 4850ms=0 4900ms=0 4950ms=0
50th gpu percentile: 4950ms
90th gpu percentile: 4950ms
95th gpu percentile: 4950ms
99th gpu percentile: 4950ms
GPU HISTOGRAM: 1ms=0 2ms=0 3ms=0 4ms=0 5ms=0 6ms=0 7ms=0 8ms=0 9ms=0 10ms=0 11ms=0 12ms=0 13ms=0 14ms=0 15ms=0 16ms=0 17ms=0 18ms=0 19ms=1 20ms=1 21ms=2 22ms=1 23ms=0 24ms=6 25ms=5 4950ms=368



---PROFILEDATA---
Flags,FrameTimelineVsyncId,IntendedVsync,Vsync,InputEventId,HandleInputStart,AnimationStart,PerformTraversalsStart,DrawStart,FrameDeadline,FrameInterval,FrameStartTime,SyncQueued,SyncStart,IssueDrawCommandsStart,SwapBuffers,FrameCompleted,DequeueBufferDuration,QueueBufferDuration,GpuCompleted,SwapBuffersCompleted,DisplayPresentTime,CommandSubmissionCompleted,
0,2556605,4675715663540,4675715663540,0,4675716279390,4675716282994,4675716882274,4675717086067,4675782330204,4675716262769,16666666,4675727763627,4675740261675,4675740383006,4675743554352,4675782533247,5499,237009,4675782533247,4675772787530,0,4675743554352,
0,2556612,4675732330206,4675732330206,0,4675748719692,4675748724740,4675749546878,4675749766716,4675815663536,4675748696492,16666666,4675771210206,4675775833248,4675776266405,4675781500681,4675810495878,8094,343141,4675810380986,4675810495878,0,4675781500681,
0,2556627,4675748996872,4675765663538,0,4675779542387,4675779546188,4675780344033,4675780570998,4675832330202,4675779514166,16666666,4675795151499,4675811643053,4675811773183,4675817858724,4675844479121,8233,561227,4675844359828,4675844479121,0,4675817858724,
0,2556649,4675782330204,4675798996870,0,4675814159540,4675814162983,4675814595964,4675814811765,4675865663534,4675814136352,16666666,4675828537905,4675845686556,4675845831660,4675849325634,4675882605420,6187,249255,4675882605420,4675875435628,0,4675849325634,
0,2556671,4675815663536,4675848996868,0,4675851319186,4675851323842,4675852142590,4675852366493,4675915663532,4675851284151,16666666,4675872579336,4675876528619,4675876649285,4675880379581,4675917475675,4533,215304,4675917475675,4675906736905,0,4675880379581,
0,2556693,4675865663534,4675865663534,0,4675879836758,4675879840233,4675880441972,4675880650069,4675948996864,4675879816410,16666666,4675903441395,4675906859006,4675906970125,4675911198601,4675939299166,9256,1641818,4675939185446,4675939299166,0,4675911198601,
0,2556708,4675882330200,4675898996866,0,4675908401997,4675908405242,4675908806131,4675908984131,4675965663530,4675908380044,16666666,4675915619434,4675939468136,4675939592095,4675941520587,4675983225954,6252,218441,4675983225954,4675967696531,0,4675941520587,
0,2556723,4675915663532,4675932330198,0,4675942800218,4675942803941,4675943695491,4675943917925,4676015663528,4675942770298,16666666,4675960672720,4675967866817,4675968050030,4675970329390,4675999139753,5387,221063,4675999004183,4675999139753,0,4675970329390,
0,2556745,4675948996864,4675965663530,0,4675972852748,4675972856223,4675973555279,4675973760197,4676032330194,4675972826024,16666666,4675983297596,4675999291266,4675999475567,4676000828353,4676032553210,4827,218796,4676032553210,4676027375771,0,4676000828353,
0,2556760,4675982330196,4675998996862,0,4676001791625,4676001795895,4676002536196,4676002774938,4676065663526,4676001757073,16666666,4676012529275,4676027523532,4676027630506,4676039617551,4676067229473,5907,264235,4676067124399,4676067229473,0,4676039617551,
0,2556782,4676015663528,4676015663528,0,4676029660458,4676029663538,4676032631932,4676032853667,4676098996858,4676029646897,16666666,4676041379634,4676067387951,4676067512499,4676070394837,4676108072950,15951951,208761,4676103388204,4676108072950,0,4676070394837,
0,2556804,4676048996860,4676065663526,0,4676069280909,4676069283398,4676069727562,4676069885824,4676132330190,4676069262005,16666666,4676078017126,4676108249674,4676108381699,4676116829898,4676149515273,6185,245615,4676149515273,4676133841737,0,4676116829898,
0,2556826,4676082330192,4676098996858,0,4676111861437,4676111866523,4676116379890,4676116746566,4676182330188,4676111818871,16666666,4676130345215,4676133988743,4676134112701,4676140727808,4676167003123,4714,174565,4676166754165,4676167003123,0,4676140727808,
0,2556855,4676132330190,4676132330190,0,4676139349854,4676139353535,4676139911282,4676140160432,4676198996854,4676139330309,16666666,4676146698341,4676167171776,4676167267268,4676174184040,4676216192012,6565,296058,4676216192012,4676203784612,0,4676174184040,
0,2556870,4676148996856,4676165663522,0,4676171560602,4676171564408,4676172151609,4676172328230,4676248996852,4676171529968,16666666,4676178904435,4676205169986,4676205310294,4676209425006,4676249234854,6377,233129,4676249234854,4676234453876,0,4676209425006,
0,2556885,4676182330188,4676215663520,0,4676215838155,4676215842840,4676216615614,4676216834599,4676282330184,4676215805724,16666666,4676227874955,4676236311343,4676236422651,4676239983689,4676272922067,7367,236174,4676272783728,4676272922067,0,4676239983689,
0,2556914,4676232330186,4676232330186,0,4676239583476,4676239586597,4676247309800,4676247507057,4676298996850,4676239569638,16666666,4676270336017,4676274932327,4676275086125,4676280540628,4676337552979,7003,276320,4676337552979,4676313988768,0,4676280540628,
0,2556929,4676248996852,4676265663518,0,4676279492063,4676279496106,4676280354017,4676280577165,4676365663514,4676279463639,16666666,4676298270573,4676317653062,4676317783990,4676324186123,4676354720570,7265,262709,4676354585805,4676354720570,0,4676324186123,
0,2556951,4676282330184,4676315663516,0,4676323084715,4676323088942,4676323814307,4676324133566,4676382330180,4676323054076,16666666,4676340796108,4676355972095,4676356151487,4676359321608,4676407572132,6671,284605,4676407572132,4676394796386,0,4676359321608,
0,2556981,4676365663514,4676365663514,0,4676367835739,4676367840084,4676368673608,4676368949387,4676432330178,4676367819639,16666666,4676390152221,4676394956765,4676395084318,4676397850224,4676432509170,4555544,202393,4676432509170,4676432313962,0,4676397850224,
0,2556988,4676382330180,4676398996846,0,4676405152079,4676405156988,4676406102956,4676406334029,4676465663510,4676405117779,16666666,4676415974939,4676432599346,4676432745593,4676438644079,4676483160081,4804,198013,4676483160081,4676468050558,0,4676438644079,
0,2557011,4676415663512,4676432330178,0,4676437670680,4676437673141,4676437985033,4676438117286,4676515663508,4676437652842,16666666,4676465427364,4676468140599,4676468229468,4676473641972,4676515850642,5046,186685,4676515850642,4676499455982,0,4676473641972,
0,2557033,4676448996844,4676465663510,0,4676471032800,4676471035578,4676471437503,4676471731649,4676548996840,4676471012927,16666666,4676479642967,4676499604821,4676499705692,4676501440500,4676532694424,6669,322620,4676532582138,4676532694424,0,4676501440500,
0,2557055,4676482330176,4676498996842,0,4676505315053,4676505318416,4676505832743,4676506274804,4676565663506,4676505287669,16666666,4676514071186,4676532863579,4676533003430,4676537432567,4676570238957,6067,221419,4676570238957,4676559102075,0,4676537432567,
0,2557077,4676515663508,4676532330174,0,4676534427704,4676534430539,4676534803788,4676534974916,4676598996838,4676534407794,16666666,4676542472553,4676559299228,4676559432754,4676572478678,4676615881616,6011,266400,4676615881616,4676599283508,0,4676572478678,
0,2557099,4676548996840,4676548996840,0,4676564920413,4676564924392,4676565440173,4676565641213,4676648996836,4676564880363,16666666,4676590646215,4676599439647,4676599561483,4676605692563,4676649519750,5370,227238,4676649519750,4676628867936,0,4676605692563,
0,2557114,4676565663506,4676598996838,0,4676605603847,4676605608285,4676606430625,4676606599265,4676682330168,4676605572709,16666666,4676612803596,4676629063443,4676629194418,4676635130817,4676669012556,3110854,218614,4676669012556,4676662093734,0,4676635130817,
0,2557136,4676615663504,4676632330170,0,4676634116574,4676634120311,4676634701685,4676634877049,4676698996834,4676634094609,16666666,4676648459753,4676662249986,4676662388261,4676672081450,4676699300509,5998,244133,4676699187933,4676699300509,0,4676672081450,
0,2557158,4676648996836,4676665663502,0,4676668517145,4676668521183,4676669348073,4676669568760,4676732330166,4676668486971,16666666,4676693177131,4676700445225,4676700576613,4676706637994,4676746082086,17220326,239820,4676737730124,4676746082086,0,4676706637994,
0,2557180,4676682330168,4676698996834,0,4676705460012,4676705462874,4676705883096,4676706037340,4676765663498,4676705439717,16666666,4676711960773,4676747096653,4676747212829,4676755873830,4676775148410,7304,251175,4676774957730,4676775148410,0,4676755873830,
0,2557202,4676715663500,4676748996832,0,4676749080311,4676749083485,4676749530235,4676749704601,4676798996830,4676749055245,16666666,4676758675383,4676778082854,4676778221395,4676781694576,4676816362176,6973,249373,4676816362176,4676811367724,0,4676781694576,
0,2557224,4676748996832,4676765663498,0,4676780914521,4676780917408,4676787318427,4676787524314,4676848996828,4676780883699,16666666,4676809070715,4676816749500,4676816871371,4676819781780,4676844273719,8385,330339,4676844130780,4676844273719,0,4676819781780,
0,2557246,4676798996830,4676815663496,0,4676819610712,4676819614361,4676820287285,4676820509442,4676865663494,4676819582910,16666666,4676838569520,4676844449471,4676844590312,4676849713837,4676882546708,5557,232415,4676882546708,4676877039795,0,4676849713837,
0,2557261,4676832330162,4676848996828,0,4676849034855,4676849038622,4676849620306,4676849828336,4676915663492,4676849006160,16666666,4676858015686,4676877197205,4676877307254,4676882402576,4676917141738,5220,251655,4676917141738,4676912298078,0,4676882402576,
0,2557276,4676848996828,4676865663494,0,4676879294916,4676879297602,4676880748786,4676881129663,4676948996824,4676879275517,16666666,4676891391901,4676912454735,4676912555997,4676917728733,4676949378250,13080582,453054,4676949378250,4676948446205,0,4676917728733,
0,2557291,4676882330160,4676915663492,0,4676917072540,4676917074997,4676917387177,4676917522017,4676982330156,4676917053785,16666666,4676930017881,4676948698097,4676948886111,4676954352703,4677004159951,6811,234285,4677004159951,4676983097446,0,4676954352703,
0,2557314,4676932330158,4676948996824,0,4676955590208,4676955594123,4676956271617,4676956479981,4677032330154,4676955562251,16666666,4676979926340,4676983222734,4676986602225,4676992978786,4677035382705,6474671,707378,4677035382705,4677025601052,0,4676992978786,
0,2557336,4676965663490,4676982330156,0,4676985277080,4676985280470,4676985994973,4676986196689,4677065663486,4676985251715,16666666,4676995088115,4677025767024,4677025895732,4677028450837,4677067037246,7743,433856,4677067037246,4677060431294,0,4677028450837,
0,2557358,4676998996822,4677015663488,0,4677028881521,4677028883976,4677029231322,4677029371096,4677098996818,4677028861657,16666666,4677041526150,4677060608287,4677060736952,4677065121470,4677093156397,7258,486284,4677093031112,4677093156397,0,4677065121470,
0,2557373,4677032330154,4677048996820,0,4677062839116,4677062842253,4677066503644,4677066763757,4677115663484,4677062812119,16666666,4677090834758,4677093286035,4677093406037,4677095690798,4677127874445,8754,449224,4677127748144,4677127874445,0,4677095690798,
0,2557395,4677065663486,4677082330152,0,4677095182139,4677095185699,4677095860557,4677096149284,4677148996816,4677095157155,16666666,4677112448889,4677128108928,4677128234968,4677132450383,4677159887317,7046,235255,4677159437505,4677159887317,0,4677132450383,
0,2557417,4677098996818,4677132330150,0,4677132761138,4677132763526,4677133140258,4677133279213,4677182330148,4677132741517,16666666,4677140132379,4677160169993,4677160294632,4677162178912,4677199602093,6702,207269,4677199602093,4677192721788,0,4677162178912,
0,2557446,4677148996816,4677148996816,0,4677162844299,4677162847862,4677163366023,4677163545275,4677232330146,4677162826952,16666666,4677177569412,4677192840286,4677192971856,4677194700845,4677232571944,5815,217347,4677232571944,4677228713431,0,4677194700845,
0,2557461,4677165663482,4677182330148,0,4677195263824,4677195266756,4677195710856,4677195891860,4677265663478,4677195238901,16666666,4677216482946,4677230647394,4677230777151,4677236450648,4677262485774,6655,252874,4677262383634,4677262485774,0,4677236450648,
0,2557483,4677198996814,4677232330146,0,4677242828845,4677242833286,4677243364109,4677243558591,4677282330144,4677242800635,16666666,4677251322410,4677263646555,4677263773866,4677267816637,4677302199769,6186,263654,4677302199769,4677295531346,0,4677267816637,
0,2557512,4677248996812,4677248996812,0,4677265633392,4677265636337,4677266104600,4677266271264,4677332330142,4677265619459,16666666,4677286189552,4677297463351,4677297576631,4677304725119,4677330196453,7160,269433,4677330099909,4677330196453,0,4677304725119,
0,2557527,4677265663478,4677298996810,0,4677301490322,4677301493370,4677304551598,4677304799814,4677348996808,4677301464171,16666666,4677312862987,4677331244853,4677331364482,4677338423452,4677383342958,10584,394217,4677383342958,4677363695376,0,4677338423452,
0,2557549,4677298996810,4677315663476,0,4677331857773,4677331860247,4677334148356,4677334344523,4677415663472,4677331837134,16666666,4677344376220,4677366020077,4677367330460,4677370618737,4677400373450,8481187,453408,4677400373450,4677397019426,0,4677370618737,
0,2557571,4677332330142,4677365663474,0,4677368300722,4677368305491,4677371453691,4677371664921,4677432330138,4677368270805,16666666,4677380202215,4677398203957,4677398330796,4677401616180,4677426720105,4880,320624,4677426626959,4677426720105,0,4677401616180,
0,2557600,4677382330140,4677398996806,0,4677402949169,4677402951888,4677403524139,4677403685483,4677448996804,4677402923066,16666666,4677410510367,4677426864268,4677426987393,4677428521548,4677456376439,4039,179781,4677456316986,4677456376439,0,4677428521548,
0,2557622,4677415663472,4677415663472,0,4677430621341,4677430624543,4677431290744,4677431702074,4677482330136,4677430602092,16666666,4677440763566,4677456507763,4677456597717,4677460775970,4677499215105,7427,281009,4677499215105,4677486395574,0,4677460775970,
0,2557644,4677448996804,4677448996804,0,4677457993100,4677457996368,4677458385509,4677458550732,4677532330134,4677457979302,16666666,4677469183850,4677486558109,4677488733978,4677490803683,4677512846257,5081,848416,4677512765511,4677512846257,0,4677490803683,
0,2557659,4677465663470,4677482330136,0,4677489895005,4677489899113,4677490567502,4677490773363,4677548996800,4677489865735,16666666,4677499642796,4677513003547,4677513106744,4677517841028,4677552427813,395660,419310,4677552427813,4677537004982,0,4677517841028,
0,2557681,4677498996802,4677515663468,0,4677515772436,4677515775698,4677517066567,4677517225163,4677582330132,4677515745418,16666666,4677524752687,4677537166682,4677537301906,4677544471807,4677582939798,4996,278096,4677582939798,4677577204576,0,4677544471807,
0,2557696,4677532330134,4677532330134,0,4677541255140,4677541258521,4677541893739,4677542113405,4677615663464,4677541233518,16666666,4677559764938,4677577348775,4677577453781,4677581794520,4677617835309,6462,239476,4677617835309,4677609418267,0,4677581794520,
0,2557711,4677548996800,4677565663466,0,4677579872142,4677579875640,4677581790638,4677582081879,4677648996796,4677579842712,16666666,4677592658970,4677609575764,4677609701822,4677611616462,4677644635522,6760,274273,4677644498653,4677644635522,0,4677611616462,
0,2557733,4677582330132,4677598996798,0,4677614534955,4677614538613,4677618677334,4677619220926,4677665663462,4677614508392,16666666,4677631445536,4677644815996,4677644971162,4677647014400,4677683157278,1886518,312107,4677683157278,4677674075142,0,4677647014400,
0,2557755,4677615663464,4677632330130,0,4677647295159,4677647298592,4677647735447,4677647883525,4677715663460,4677647271735,16666666,4677655090142,4677674218569,4677674322611,4677679369005,4677707691144,6244,250730,4677707580188,4677707691144,0,4677679369005,
0,2557777,4677648996796,4677665663462,0,4677677878757,4677677882737,4677678436953,4677678634081,4677732330126,4677677850426,16666666,4677698102980,4677708821842,4677709366845,4677715730371,4677750265703,4916,197847,4677750265703,4677745821586,0,4677715730371,
0,2557799,4677682330128,4677715663460,0,4677730294567,4677730299204,4677730905910,4677731127702,4677782330124,4677730265066,16666666,4677742308272,4677746628926,4677746734957,4677749530080,4677783575436,9824,236823,4677783575436,4677778686951,0,4677749530080,
0,2557836,4677748996792,4677748996792,0,4677750459072,4677750463988,4677751229336,4677751459806,4677815663456,4677750440767,16666666,4677774786371,4677779833385,4677779985021,4677782962148,4677820281307,7127,228332,4677820281307,4677813359730,0,4677782962148,
0,2557850,4677765663458,4677782330124,0,4677795123890,4677795127785,4677795968578,4677796503711,4677848996788,4677795095254,16666666,4677818523793,4677820230914,4677820342913,4677822838359,4677853363363,7101,330514,4677853232258,4677853363363,0,4677822838359,
0,2557872,4677798996790,4677815663456,0,4677822669863,4677822674069,4677823393786,4677823632502,4677882330120,4677822641900,16666666,4677837860941,4677853853431,4677853965631,4677855077829,4677903270810,7638,267208,4677903270810,4677896221389,0,4677855077829,
0,2557894,4677832330122,4677848996788,0,4677856092735,4677856096211,4677856570667,4677856744645,4677932330118,4677856061948,16666666,4677870286775,4677897765060,4677897876034,4677906763821,4677935755923,6750,265862,4677935638664,4677935755923,0,4677906763821,
0,2557916,4677865663454,4677898996786,0,4677903950620,4677903955005,4677904797867,4677905094466,4677965663450,4677903897690,16666666,4677924803302,4677936810144,4677937299219,4677940785244,4677982687112,7187,329087,4677982687112,4677968912089,0,4677940785244,
0,2557945,4677915663452,4677932330118,0,4677939193286,4677939196669,4677939681467,4677939861351,4678015663448,4677939169328,16666666,4677946514113,4677969907719,4677970048858,4677974435278,4678016343987,4868,232120,4678016343987,4678001468150,0,4677974435278,
0,2557967,4677948996784,4677965663450,0,4677975601944,4677975606468,4677976308057,4677976516357,4678048996780,4677975572180,16666666,4677984731393,4678001644270,4678001743287,4678005398508,4678032482804,7387,582507,4678032482804,4678028509957,0,4678005398508,
0,2557989,4677982330116,4677998996782,0,4678004202253,4678004206479,4678004842957,4678005033087,4678065663446,4678004171435,16666666,4678015032324,4678028688026,4678028825464,4678034673508,4678066069096,5332,204765,4678066069096,4678061418127,0,4678034673508,
0,2558011,4678015663448,4678015663448,0,4678030538492,4678030541539,4678030932862,4678031100569,4678098996778,4678030524737,16666666,4678041173961,4678061572563,4678061670293,4678062932685,4678095737032,6694,259460,4678095630875,4678095737032,0,4678062932685,
0,2558026,4678032330114,4678048996780,0,4678063701542,4678063705430,4678064538237,4678064763873,4678115663444,4678063669106,16666666,4678074508363,4678095892180,4678096128318,4678098292329,4678125498087,6660,260722,4678125387750,4678125498087,0,4678098292329,
0,2558048,4678065663446,4678098996778,0,4678099371086,4678099374925,4678102023574,4678102273522,4678148996776,4678099339888,16666666,4678123579894,4678125647104,4678125772811,4678130179285,4678167537467,7442,422958,4678167537467,4678157435723,0,4678130179285,
0,2558077,4678115663444,4678115663444,0,4678131381950,4678131384738,4678132178976,4678132390959,4678198996774,4678131364030,16666666,4678145056755,4678157603909,4678157729320,4678159807928,4678199198220,6901,270397,4678199198220,4678190518083,0,4678159807928,
0,2558092,4678132330110,4678148996776,0,4678159777205,4678159780797,4678160257267,4678160442557,4678232330106,4678159754491,16666666,4678175850095,4678191899854,4678192956743,4678198398585,4678226274315,7486,290189,4678226163330,4678226274315,0,4678198398585,
0,2558114,4678165663442,4678182330108,0,4678197159556,4678197164103,4678197881539,4678198110641,4678248996772,4678197127118,16666666,4678214617581,4678228637781,4678232169665,4678235121448,4678263346393,8770,480564,4678263220986,4678263346393,0,4678235121448,
0,2558136,4678198996774,4678248996772,0,4678257623610,4678257626666,4678258093371,4678258308611,4678282330104,4678257599417,16666666,4678264567805,4678266643528,4678266796749,4678272351959,4678301072749,9609,250709,4678300912223,4678301072749,0,4678272351959,
0,2558173,4678265663438,4678265663438,0,4678274602008,4678274605377,4678278642484,4678278902636,4678332330102,4678274584137,16666666,4678294368223,4678302122707,4678302256957,4678306612030,4678334102249,6736,262727,4678333998763,4678334102249,0,4678306612030,
0,2558187,4678282330104,4678298996770,0,4678307447176,4678307451042,4678308317454,4678308543150,4678365663434,4678307415910,16666666,4678325263883,4678335204775,4678335357480,4678338698947,4678382595127,6772,250900,4678382595127,4678367019159,0,4678338698947,
0,2558209,4678315663436,4678332330102,0,4678337668089,4678337671500,4678338150471,4678338317653,4678415663432,4678337645284,16666666,4678347645333,4678367199967,4678367337406,4678371028438,4678396631622,6484,301894,4678396237194,4678396631622,0,4678371028438,
0,2558231,4678348996768,4678365663434,0,4678369610405,4678369613970,4678370337690,4678370509234,4678432330098,4678369509199,16666666,4678377468282,4678396810112,4678399966536,4678405692684,4678429275849,5027,234588,4678429198077,4678429275849,0,4678405692684,
0,2558253,4678382330100,4678398996766,0,4678399102714,4678399106388,4678399707506,4678399916557,4678448996764,4678399073784,16666666,4678422662548,4678429421314,4678429520173,4678435232731,4678463438848,8165,435023,4678463314304,4678463438848,0,4678435232731,
0,2558275,4678415663432,4678415663432,0,4678431410696,4678431414301,4678431971869,4678432225398,4678482330096,4678431391833,16666666,4678451530847,4678463599301,4678463730106,4678469965341,4678503229926,5473,206061,4678503229926,4678497442517,0,4678469965341,
0,2558290,4678432330098,4678465663430,0,4678469508950,4678469513607,4678470302861,4678470543860,4678532330094,4678469478421,16666666,4678486512760,4678497587030,4678497687910,4678499193436,4678532520941,11236213,493066,4678532520941,4678530132476,0,4678499193436,
0,2558312,4678482330096,4678498996762,0,4678499741280,4678499745434,4678500463197,4678500687246,4678565663426,4678499709219,16666666,4678512540508,4678530312413,4678530446604,4678532579660,4678561944892,9059,507977,4678561771756,4678561944892,0,4678532579660,
0,2558328,4678498996762,4678532330090,0,4678533268774,4678533273222,4678535809274,4678536130743,4678582330092,4678533240899,16666664,4678553916550,4678562123868,4678562254139,4678566394793,4678601181391,7215,277995,4678601181391,4678593094955,0,4678566394793,
0,2558357,4678548996760,4678548996760,0,4678563725653,4678563728699,4678564230475,4678564402972,4678632330076,4678563710622,16666666,4678575470330,4678593275342,4678593411278,4678595729114,4678633072924,6193,248109,4678633072924,4678625614741,0,4678595729114,
0,2558372,4678565663426,4678582330092,0,4678595332999,4678595335720,4678595746522,4678595912130,4678665663422,4678595310043,16666666,4678607129075,4678625783560,4678625907442,4678627713359,4678665987019,7842,265483,4678665987019,4678660858624,0,4678627713359,
0,2558387,4678598996758,4678615663424,0,4678628117359,4678628121327,4678628748019,4678632149120,4678698996754,4678628090489,16666666,4678643840198,4678661053526,4678661181914,4678676603373,4678703328357,6824,263516,4678703328357,4678698171745,0,4678676603373,
0,2558409,4678632330090,4678648996756,0,4678664277172,4678664281226,4678664821302,4678665486561,4678732330086,4678664249967,16666666,4678674132057,4678698291769,4678698408856,4678702884310,4678749311944,7199,312735,4678749311944,4678732302148,0,4678702884310,
0,2558424,4678665663422,4678698996754,0,4678701614091,4678701617568,4678703259025,4678703459814,4678782330084,4678701589536,16666666,4678718066819,4678736282860,4678736410640,4678743705172,4678772989484,6186,242868,4678772868150,4678772989484,0,4678743705172,
0,2558453,4678715663420,4678732330086,0,4678742133849,4678742137394,4678742811512,4678743027027,4678798996750,4678742105680,16666666,4678770105787,4678776122722,4678776248694,4678780734634,4678807485914,14049,283982,4678806890127,4678807485914,0,4678780734634,
0,2558475,4678748996752,4678765663418,0,4678779695757,4678779699545,4678780790051,4678781046353,4678832330082,4678779664516,16666666,4678793331967,4678809056330,4678809177045,4678813327423,4678851213537,6672,260282,4678851213537,4678839440999,0,4678813327423,
0,2558497,4678782330084,4678798996750,0,4678814559557,4678814563407,4678815372056,4678815602065,4678882330080,4678814526342,16666666,4678827246901,4678840957072,4678841086607,4678844813551,4678882567056,4058205,849124,4678882567056,4678872669254,0,4678844813551,
0,2558519,4678815663416,4678832330082,0,4678845329110,4678845332653,4678846055025,4678846275367,4678915663412,4678845299811,16666666,4678854428876,4678872866731,4678873019659,4678876345528,4678916676445,6891,265054,4678916676445,4678901430054,0,4678876345528,
0,2558541,4678848996748,4678865663414,0,4678876371179,4678876374927,4678877374536,4678877601493,4678948996744,4678876339981,16666666,4678886511525,4678901590661,4678901714327,4678906270289,4678949988342,6714,251090,4678949988342,4678934267392,0,4678906270289,
0,2558556,4678882330080,4678898996746,0,4678903775608,4678903779292,4678904528019,4678904734735,4678982330076,4678903747158,16666666,4678914223893,4678934432242,4678934562685,4678937221464,4678966223102,12572,406499,4678966223102,4678957576320,0,4678937221464,
0,2558578,4678915663412,4678932330078,0,4678937588475,4678937593160,4678938386136,4678938620582,4678998996742,4678937558192,16666666,4678946746851,4678957825883,4678959916881,4678966645493,4678999247618,5214,177910,4678999247618,4678995412795,0,4678966645493,
0,2558600,4678948996744,4678948996744,0,4678962739569,4678962746520,4678964616709,4678965081618,4679032330074,4678962702121,16666666,4678976664341,4678995567169,4678995665565,4678997187795,4679034217494,6731,250592,4679034217494,4679028542202,0,4678997187795,
0,2558615,4678965663410,4678982330076,0,4678997617453,4678997620936,4678998482847,4678998727344,4679065663406,4678997586899,16666666,4679018595046,4679028699814,4679028819575,4679030661727,4679071177025,8636,377629,4679071177025,4679062201756,0,4679030661727,
0,2558630,4678998996742,4679015663408,0,4679030187678,4679030189817,4679030547664,4679030702121,4679098996738,4679030169221,16666666,4679055767019,4679062377738,4679062509575,4679064902539,4679099419815,5052,279765,4679099419815,4679097032831,0,4679064902539,
0,2558652,4679032330074,4679065663406,0,4679066293470,4679066297867,4679067166110,4679067391344,4679132330070,4679066259970,16666666,4679089031626,4679097183822,4679097284504,4679098966264,4679133164975,6519,252212,4679133164975,4679126110773,0,4679098966264,
0,2558667,4679065663406,4679082330072,0,4679098339806,4679098343634,4679101707025,4679101983339,4679165663402,4679098310050,16666666,4679123203855,4679126230670,4679126350513,4679129367102,4679165922142,7279,263105,4679165922142,4679158738428,0,4679129367102,
0,2558689,4679115663404,4679115663404,0,4679130123984,4679130127310,4679130710277,4679130914904,4679198996734,4679130103340,16666666,4679149649657,4679158933365,4679159078701,4679165248798,4679201997467,8412,289077,4679201851255,4679201997467,0,4679165248798,
0,2558704,4679132330070,4679165663402,0,4679172384873,4679172389080,4679175608873,4679175863538,4679232330066,4679172353307,16666666,4679205888707,4679205976285,4679206082473,4679208604260,4679249251415,8005,234466,4679249251415,4679235999658,0,4679208604260,
0,2558733,4679182330068,4679198996734,0,4679210080060,4679210082490,4679210614434,4679210792344,4679282330064,4679210059952,16666666,4679218961469,4679236166135,4679236289149,4679240513620,4679283170282,7578,325835,4679283170282,4679270087337,0,4679240513620,
0,2558755,4679215663400,4679232330066,0,4679237562201,4679237564358,4679237902918,4679238052246,4679315663396,4679237543902,16666666,4679244355301,4679271148525,4679271278225,4679274083053,4679319079318,6245,220626,4679319079318,4679304789769,0,4679274083053,
0,2558777,4679248996732,4679265663398,0,4679278652260,4679278657953,4679292379780,4679292610179,4679348996728,4679278608425,16666666,4679300612936,4679309215306,4679309499982,4679313139485,4679349200016,7145,226617,4679349200016,4679336970952,0,4679313139485,
0,2558799,4679298996730,4679298996730,0,4679311580198,4679311582684,4679320564276,4679320758277,4679382330060,4679311566568,16666666,4679343973955,4679344115935,4679344236655,4679346549091,4679383863147,4796,201241,4679383863147,4679374658356,0,4679346549091,
0,2558814,4679315663396,4679332330062,0,4679347938889,4679347943309,4679348653958,4679348871487,4679415663392,4679347907616,16666666,4679358649510,4679374795189,4679374983620,4679380492066,4679408343693,8251,311398,4679408238921,4679408343693,0,4679380492066,
0,2558837,4679349002278,4679365668943,0,4679377455589,4679377459977,4679378391868,4679378691644,4679432330058,4679377421776,16666665,4679393828249,4679408506246,4679408640414,4679412323049,4679449268705,5205,250990,4679449268705,4679441416460,0,4679412323049,
0,2558858,4679382330060,4679398996726,0,4679411834364,4679411838081,4679412626637,4679412863476,4679482335599,4679411807220,16666666,4679431650895,4679441588891,4679441717189,4679447833021,4679483234659,7020,362081,4679483234659,4679474522001,0,4679447833021,
0,2558880,4679415663392,4679432330058,0,4679446252775,4679446256540,4679446771857,4679446991609,4679515663388,4679446227758,16666666,4679455857638,4679474685727,4679474807822,4679477557129,4679515871045,7878,411096,4679515871045,4679506180906,0,4679477557129,
0,2558902,4679448996724,4679465663390,0,4679477139079,4679477142396,4679477688670,4679477906535,4679548996720,4679477112818,16666666,4679503385591,4679506341925,4679506466562,4679513272266,4679550239800,4572,360985,4679550239800,4679540638487,0,4679513272266,
0,2558924,4679482330056,4679498996722,0,4679510579083,4679510582463,4679511844053,4679512639205,4679582330052,4679510551452,16666666,4679521488011,4679540770301,4679540865450,4679546184407,4679583168690,3731,176464,4679583168690,4679574295332,0,4679546184407,
0,2558946,4679515663388,4679532330054,0,4679543294523,4679543297794,4679543817459,4679543996038,4679615663384,4679543273485,16666666,4679566600029,4679574441339,4679578012440,4679579372523,4679617525073,7954,459001,4679617525073,4679605482551,0,4679579372523,
0,2558968,4679548996720,4679565663386,0,4679577118948,4679577122151,4679577491538,4679577658386,4679648996716,4679577097133,16666666,4679591524253,4679605624493,4679608209353,4679610756312,4679649184690,5821,325132,4679649184690,4679640427324,0,4679610756312,
0,2558990,4679582330052,4679598996718,0,4679607688394,4679607691488,4679608385018,4679608587126,4679682330048,4679607662574,16666666,4679618870221,4679640595279,4679640723681,4679646643056,4679675235106,6110,260716,4679675128738,4679675235106,0,4679646643056,
0,2559012,4679615663384,4679632330050,0,4679646149636,4679646153688,4679646992105,4679647206471,4679698996714,4679646117046,16666666,4679656399579,4679675348829,4679675479675,4679678497431,4679710741228,7299,229649,4679710612075,4679710741228,0,4679678497431,
0,2559034,4679648996716,4679682330048,0,4679693596086,4679693600917,4679694212288,4679694426568,4679732330046,4679693565938,16666666,4679702559745,4679711809746,4679729554370,4679734763283,4679765950067,6809,240305,4679765950067,4679760657703,0,4679734763283,
0,2559063,4679698996714,4679715663380,0,4679720120519,4679720125574,4679720810189,4679721055568,4679798996710,4679720084694,16666666,4679729525774,4679761905984,4679762051411,4679764992361,4679791502082,7189,251188,4679791396675,4679791502082,0,4679764992361,
0,2559085,4679732330046,4679748996712,0,4679764798904,4679764802263,4679765349236,4679765563455,4679748996712,4679764772053,16666666,4679784354342,4679793493636,4679793618182,4679799759299,4679833092531,5405,206994,4679833092531,4679831634731,0,4679799759299,
---PROFILEDATA---


View hierarchy:

  co.fallsoft.pocket/co.fallsoft.pocket.MainActivity/android.view.ViewRootImpl@340e423
  7 views, 11.96 kB of render nodes


Total ViewRootImpl   : 1
Total attached Views : 7
Total RenderNode     : 11.96 kB (used) / 36.03 kB (capacity)
