Applications Graphics Acceleration Info:
Uptime: 8182620 Realtime: 8182620

** Graphics info for pid 7227 [co.fallsoft.pocket] **

Stats since: 8170557298044ns
Total frames rendered: 374
Janky frames: 264 (70.59%)
Janky frames (legacy): 374 (100.00%)
50th percentile: 61ms
90th percentile: 77ms
95th percentile: 85ms
99th percentile: 97ms
Number Missed Vsync: 219
Number High input latency: 219
Number Slow UI thread: 165
Number Slow bitmap uploads: 6
Number Slow issue draw commands: 264
Number Frame deadline missed: 264
Number Frame deadline missed (legacy): 265
HISTOGRAM: 5ms=0 6ms=0 7ms=0 8ms=0 9ms=0 10ms=0 11ms=0 12ms=0 13ms=0 14ms=0 15ms=0 16ms=0 17ms=0 18ms=0 19ms=0 20ms=0 21ms=0 22ms=0 23ms=0 24ms=0 25ms=0 26ms=0 27ms=0 28ms=0 29ms=0 30ms=0 31ms=1 32ms=1 34ms=0 36ms=0 38ms=1 40ms=3 42ms=4 44ms=3 46ms=8 48ms=13 53ms=36 57ms=75 61ms=49 65ms=36 69ms=52 73ms=41 77ms=23 81ms=9 85ms=10 89ms=4 93ms=0 97ms=2 101ms=1 105ms=2 109ms=0 113ms=0 117ms=0 121ms=0 125ms=0 129ms=0 133ms=0 150ms=0 200ms=0 250ms=0 300ms=0 350ms=0 400ms=0 450ms=0 500ms=0 550ms=0 600ms=0 650ms=0 700ms=0 750ms=0 800ms=0 850ms=0 900ms=0 950ms=0 1000ms=0 1050ms=0 1100ms=0 1150ms=0 1200ms=0 1250ms=0 1300ms=0 1350ms=0 1400ms=0 1450ms=0 1500ms=0 1550ms=0 1600ms=0 1650ms=0 1700ms=0 1750ms=0 1800ms=0 1850ms=0 1900ms=0 1950ms=0 2000ms=0 2050ms=0 2100ms=0 2150ms=0 2200ms=0 2250ms=0 2300ms=0 2350ms=0 2400ms=0 2450ms=0 2500ms=0 2550ms=0 2600ms=0 2650ms=0 2700ms=0 2750ms=0 2800ms=0 2850ms=0 2900ms=0 2950ms=0 3000ms=0 3050ms=0 3100ms=0 3150ms=0 3200ms=0 3250ms=0 3300ms=0 3350ms=0 3400ms=0 3450ms=0 3500ms=0 3550ms=0 3600ms=0 3650ms=0 3700ms=0 3750ms=0 3800ms=0 3850ms=0 3900ms=0 3950ms=0 4000ms=0 4050ms=0 4100ms=0 4150ms=0 4200ms=0 4250ms=0 4300ms=0 4350ms=0 4400ms=0 4450ms=0 4500ms=0 4550ms=0 4600ms=0 4650ms=0 4700ms=0 4750ms=0 4800ms=0 4850ms=0 4900ms=0 4950ms=0
50th gpu percentile: 4950ms
90th gpu percentile: 4950ms
95th gpu percentile: 4950ms
99th gpu percentile: 4950ms
GPU HISTOGRAM: 1ms=0 2ms=0 3ms=0 4ms=0 5ms=0 6ms=0 7ms=0 8ms=0 9ms=0 10ms=0 11ms=0 12ms=0 13ms=0 14ms=0 15ms=0 16ms=1 17ms=0 18ms=2 19ms=1 20ms=2 21ms=2 22ms=3 23ms=2 24ms=2 25ms=8 4950ms=351

Pipeline=Skia (OpenGL)
Memory policy:
  Max surface area: 2592000
  Max resource usage: 124.42MB (x48)
  Background retention: 50% (altUiHidden = true)
  GPU Context timeout: 10
Contexts: 1 (stopped = 0)
CPU Caches:
  Glyph Cache: 81.45 KB (1 entry)
  Glyph Count: 26
Total CPU memory usage:
  83408 bytes, 81.45 KB (0.00 bytes is purgeable)
GPU Caches:
  Other:
    Other: 17.16 KB (1 entry)
  Image:
    Texture: 65.75 MB (40 entries)
  Scratch:
    Texture: 42.12 MB (23 entries)
    Buffer Object: 144.00 KB (4 entries)
Total GPU memory usage:
  113280224 bytes, 108.03 MB (105.97 MB is purgeable)

Profile data in ms:

	co.fallsoft.pocket/co.fallsoft.pocket.MainActivity/android.view.ViewRootImpl@5ccee6 (visibility=0)
Window: co.fallsoft.pocket/co.fallsoft.pocket.MainActivity
Stats since: 8170557297671ns
Total frames rendered: 374
Janky frames: 264 (70.59%)
Janky frames (legacy): 374 (100.00%)
50th percentile: 61ms
90th percentile: 77ms
95th percentile: 85ms
99th percentile: 97ms
Number Missed Vsync: 219
Number High input latency: 219
Number Slow UI thread: 165
Number Slow bitmap uploads: 6
Number Slow issue draw commands: 264
Number Frame deadline missed: 264
Number Frame deadline missed (legacy): 265
HISTOGRAM: 5ms=0 6ms=0 7ms=0 8ms=0 9ms=0 10ms=0 11ms=0 12ms=0 13ms=0 14ms=0 15ms=0 16ms=0 17ms=0 18ms=0 19ms=0 20ms=0 21ms=0 22ms=0 23ms=0 24ms=0 25ms=0 26ms=0 27ms=0 28ms=0 29ms=0 30ms=0 31ms=1 32ms=1 34ms=0 36ms=0 38ms=1 40ms=3 42ms=4 44ms=3 46ms=8 48ms=13 53ms=36 57ms=75 61ms=49 65ms=36 69ms=52 73ms=41 77ms=23 81ms=9 85ms=10 89ms=4 93ms=0 97ms=2 101ms=1 105ms=2 109ms=0 113ms=0 117ms=0 121ms=0 125ms=0 129ms=0 133ms=0 150ms=0 200ms=0 250ms=0 300ms=0 350ms=0 400ms=0 450ms=0 500ms=0 550ms=0 600ms=0 650ms=0 700ms=0 750ms=0 800ms=0 850ms=0 900ms=0 950ms=0 1000ms=0 1050ms=0 1100ms=0 1150ms=0 1200ms=0 1250ms=0 1300ms=0 1350ms=0 1400ms=0 1450ms=0 1500ms=0 1550ms=0 1600ms=0 1650ms=0 1700ms=0 1750ms=0 1800ms=0 1850ms=0 1900ms=0 1950ms=0 2000ms=0 2050ms=0 2100ms=0 2150ms=0 2200ms=0 2250ms=0 2300ms=0 2350ms=0 2400ms=0 2450ms=0 2500ms=0 2550ms=0 2600ms=0 2650ms=0 2700ms=0 2750ms=0 2800ms=0 2850ms=0 2900ms=0 2950ms=0 3000ms=0 3050ms=0 3100ms=0 3150ms=0 3200ms=0 3250ms=0 3300ms=0 3350ms=0 3400ms=0 3450ms=0 3500ms=0 3550ms=0 3600ms=0 3650ms=0 3700ms=0 3750ms=0 3800ms=0 3850ms=0 3900ms=0 3950ms=0 4000ms=0 4050ms=0 4100ms=0 4150ms=0 4200ms=0 4250ms=0 4300ms=0 4350ms=0 4400ms=0 4450ms=0 4500ms=0 4550ms=0 4600ms=0 4650ms=0 4700ms=0 4750ms=0 4800ms=0 4850ms=0 4900ms=0 4950ms=0
50th gpu percentile: 4950ms
90th gpu percentile: 4950ms
95th gpu percentile: 4950ms
99th gpu percentile: 4950ms
GPU HISTOGRAM: 1ms=0 2ms=0 3ms=0 4ms=0 5ms=0 6ms=0 7ms=0 8ms=0 9ms=0 10ms=0 11ms=0 12ms=0 13ms=0 14ms=0 15ms=0 16ms=1 17ms=0 18ms=2 19ms=1 20ms=2 21ms=2 22ms=3 23ms=2 24ms=2 25ms=8 4950ms=351



---PROFILEDATA---
Flags,FrameTimelineVsyncId,IntendedVsync,Vsync,InputEventId,HandleInputStart,AnimationStart,PerformTraversalsStart,DrawStart,FrameDeadline,FrameInterval,FrameStartTime,SyncQueued,SyncStart,IssueDrawCommandsStart,SwapBuffers,FrameCompleted,DequeueBufferDuration,QueueBufferDuration,GpuCompleted,SwapBuffersCompleted,DisplayPresentTime,CommandSubmissionCompleted,
0,3808869,8178715523420,8178732190086,0,8178734177416,8178734178609,8178734524432,8178734567737,8178798856750,8178734162387,16666666,8178736210226,8178759378985,8178759530684,8178769868150,8178795605537,5133,234035,8178795494963,8178795605537,0,8178769868150,
0,3808878,8178748856752,8178748856752,0,8178763090592,8178763091743,8178763281533,8178763321292,8178815523416,8178763084554,16666666,8178764577664,8178796823407,8178796937938,8178803040404,8178849097687,6815,281139,8178849097687,8178830524018,0,8178803040404,
0,3808886,8178765523418,8178782190084,0,8178797898093,8178797898779,8178798391236,8178798441765,8178882190080,8178797884494,16666666,8178800427497,8178831541807,8178831666168,8178835499551,8178866749350,866458,300256,8178866749350,8178858741516,0,8178835499551,
0,3808894,8178798856750,8178832190082,0,8178833225566,8178833226189,8178834584091,8178834628879,8178898856746,8178833215822,16666666,8178836066148,8178862410348,8178864049313,8178869035154,8178894303336,7635,572704,8178894169592,8178894303336,0,8178869035154,
0,3808902,8178848856748,8178848856748,0,8178863836369,8178863837413,8178870842096,8178870897808,8178915523412,8178863830850,16666666,8178872358324,8178896712897,8178900593679,8178903493698,8178929229551,4545,463267,8178929147153,8178929229551,0,8178903493698,
0,3808910,8178882190080,8178882190080,0,8178898613481,8178898614244,8178898776239,8178898834694,8178948856744,8178898605983,16666666,8178900492460,8178929292594,8178929388359,8178930994059,8178965760080,8251,543055,8178965760080,8178961133485,0,8178930994059,
0,3808918,8178898856746,8178915523412,0,8178929947153,8178929947882,8178930154597,8178930198399,8178998856742,8178929938147,16666666,8178931208510,8178961214220,8178961348565,8178965573523,8178999382258,4589,205610,8178999382258,8178991488153,0,8178965573523,
0,3808926,8178932190078,8178948856744,0,8178962042420,8178962043114,8178962246564,8178962286685,8179032190074,8178962029924,16666666,8178963615663,8178991545519,8178991649645,8178994281918,8179021213611,6930,428101,8179021098728,8179021213611,0,8178994281918,
0,3808934,8178965523410,8178982190076,0,8178992427597,8178992428299,8178992673446,8178992712726,8179048856740,8178992418796,16666666,8178994103461,8179021294746,8179021430146,8179026158957,8179054744178,7272,298975,8179054639959,8179054744178,0,8179026158957,
0,3808942,8178998856742,8179015523408,0,8179024406920,8179024407740,8179024538657,8179024576405,8179082190072,8179024397074,16666666,8179025484290,8179054846470,8179057423409,8179061227785,8179099081039,6539,269998,8179099081039,8179089388718,0,8179061227785,
0,3808950,8179032190074,8179048856740,0,8179055707934,8179055708699,8179055895740,8179055936731,8179132190070,8179055696854,16666666,8179057299783,8179089472705,8179091216318,8179093844947,8179137605790,5908,278337,8179137605790,8179122629873,0,8179093844947,
0,3808958,8179065523406,8179082190072,0,8179090295567,8179090296304,8179091851700,8179091897368,8179165523402,8179090282411,16666666,8179093322391,8179122710845,8179122858775,8179126452206,8179165747124,1577758,271501,8179165747124,8179152045004,0,8179126452206,
0,3808966,8179098856738,8179115523404,0,8179124668831,8179124669475,8179124882938,8179124924728,8179198856734,8179124658600,16666666,8179126208354,8179152111017,8179152216251,8179157473699,8179189384890,7605,3559831,8179189246008,8179189384890,0,8179157473699,
0,3808974,8179132190070,8179148856736,0,8179153126800,8179153127862,8179153323330,8179153362833,8179215523400,8179153114872,16666666,8179154631160,8179189464473,8179189595415,8179192519588,8179232376429,6934,327892,8179232376429,8179218210745,0,8179192519588,
0,3808982,8179165523402,8179182190068,0,8179190310792,8179190311432,8179190488410,8179190528498,8179265523398,8179190298333,16666666,8179191730326,8179219445823,8179219577173,8179222043071,8179247369054,7295,547116,8179247252685,8179247369054,0,8179222043071,
0,3808990,8179198856734,8179215523400,0,8179221686720,8179221687641,8179221956125,8179221996998,8179282190064,8179221673987,16666666,8179224173932,8179247440164,8179247557073,8179253504850,8179283067716,6125,308570,8179283067716,8179278969456,0,8179253504850,
0,3808998,8179232190066,8179248856732,0,8179249202135,8179249202875,8179249492362,8179249530031,8179315523396,8179249190121,16666666,8179250767071,8179280218766,8179280348643,8179284721941,8179318075760,15951506,494321,8179317375972,8179318075760,0,8179284721941,
0,3809006,8179248856732,8179265523398,0,8179280594007,8179280594560,8179281882820,8179281929550,8179348856728,8179280582603,16666666,8179283537498,8179319538660,8179319709464,8179327095081,8179365775234,6887,345411,8179365775234,8179350849301,0,8179327095081,
0,3809015,8179298856730,8179315523396,0,8179324633030,8179324634559,8179327152534,8179327202924,8179398856726,8179324620940,16666666,8179328766266,8179353388085,8179353539722,8179358475952,8179392658662,4355,254693,8179392591769,8179392658662,0,8179358475952,
0,3809023,8179332190062,8179348856728,0,8179354911159,8179354912006,8179355210011,8179355248865,8179415523392,8179354901265,16666666,8179356840870,8179394882182,8179394994739,8179398613825,8179432453784,7261,346980,8179432453784,8179427602931,0,8179398613825,
0,3809031,8179365523394,8179382190060,0,8179395961554,8179395962586,8179396161170,8179396202768,8179465523390,8179395950289,16666666,8179398467274,8179430337622,8179431313167,8179434656100,8179466323103,7008,288632,8179466323103,8179457661613,0,8179434656100,
0,3809039,8179398856726,8179415523392,0,8179431580841,8179431581593,8179431754344,8179431793872,8179498856722,8179431567882,16666666,8179437608683,8179457738315,8179457920713,8179464129934,8179492029992,5089,310870,8179491945158,8179492029992,0,8179464129934,
0,3809047,8179432190058,8179448856724,0,8179459083675,8179459084352,8179459260354,8179459299211,8179515523388,8179459072440,16666666,8179462948152,8179492093517,8179492186304,8179495658927,8179526761713,5614,320416,8179526659051,8179526761713,0,8179495658927,
0,3809055,8179465523390,8179482190056,0,8179492803025,8179492803632,8179493082668,8179493124041,8179548856720,8179492791672,16666666,8179494467598,8179526835109,8179527019305,8179531586419,8179558233726,8149,408770,8179558031326,8179558233726,0,8179531586419,
0,3809063,8179498856722,8179515523388,0,8179527638347,8179527638885,8179527787387,8179527840320,8179582190052,8179527620470,16666666,8179529073638,8179558312544,8179558442166,8179564683015,8179590889279,7209,286055,8179590758543,8179590889279,0,8179564683015,
0,3809071,8179532190054,8179548856720,0,8179559397917,8179559398569,8179559548353,8179559588234,8179615523384,8179559388555,16666666,8179560914414,8179591051474,8179596252181,8179598406583,8179623299495,7595,471280,8179623170795,8179623299495,0,8179598406583,
0,3809079,8179565523386,8179582190052,0,8179593875085,8179593875634,8179594129138,8179594167458,8179648856716,8179593863903,16666666,8179595531333,8179623377696,8179623505862,8179627000660,8179665777257,7230,267122,8179665777257,8179654790606,0,8179627000660,
0,3809087,8179598856718,8179615523384,0,8179624286788,8179624287632,8179624479243,8179624518956,8179698856714,8179624273922,16666666,8179625865187,8179654883992,8179655022843,8179658343582,8179683137674,6872,307430,8179683033409,8179683137674,0,8179658343582,
0,3809095,8179632190050,8179648856716,0,8179655557264,8179655558006,8179655685959,8179655724905,8179715523380,8179655547115,16666666,8179656647059,8179683215786,8179683360343,8179687007043,8179716073277,798668,242868,8179716073277,8179710925401,0,8179687007043,
0,3809103,8179665523382,8179682190048,0,8179684660697,8179684661620,8179685041838,8179685083540,8179748856712,8179684649461,16666666,8179686384190,8179710991274,8179713057267,8179719742720,8179747089630,7343,349035,8179746954404,8179747089630,0,8179719742720,
0,3809111,8179698856714,8179698856714,0,8179711817380,8179711827274,8179711973149,8179712036995,8179765523378,8179711813722,16666666,8179712937359,8179747808704,8179747960314,8179753705865,8179799330952,3979951,261825,8179799330952,8179783769597,0,8179753705865,
0,3809119,8179715523380,8179748856712,0,8179749042062,8179749042928,8179749223810,8179749263614,8179832190042,8179749029458,16666666,8179750816612,8179785858764,8179785991423,8179792515248,8179832527928,5820,276356,8179832527928,8179820700363,0,8179792515248,
0,3809127,8179765523378,8179782190044,0,8179791212879,8179791214249,8179791520170,8179791563156,8179865523374,8179791199533,16666666,8179793098112,8179821729415,8179821874352,8179828959243,8179865848877,7820,301992,8179865848877,8179856198135,0,8179828959243,
0,3809135,8179798856710,8179815523376,0,8179824934558,8179824935885,8179825129253,8179825167458,8179898856706,8179824923083,16666666,8179826198856,8179858328370,8179858448624,8179865189922,8179899114658,6774,342706,8179899114658,8179890500597,0,8179865189922,
0,3809143,8179832190042,8179848856708,0,8179861105861,8179861106821,8179861330158,8179861375229,8179932190038,8179861091933,16666666,8179862818274,8179892575587,8179895223744,8179898245040,8179925014459,9241,317850,8179924897729,8179925014459,0,8179898245040,
0,3809151,8179865523374,8179882190040,0,8179894027908,8179894029128,8179894569275,8179894609185,8179948856704,8179894013762,16666666,8179898415206,8179927309753,8179927478378,8179931992954,8179965739504,3897,206291,8179965739504,8179956426578,0,8179931992954,
0,3809159,8179898856706,8179915523372,0,8179929778531,8179929779068,8179930015628,8179930056966,8179998856702,8179929765905,16666666,8179931851423,8179957080962,8179957190091,8179963284710,8179991419151,5358,651628,8179991340361,8179991419151,0,8179963284710,
0,3809167,8179932190038,8179948856704,0,8179958042465,8179958043170,8179958159079,8179958200443,8180015523368,8179958034391,16666666,8179959191542,8179991486964,8179991597085,8179997149842,8180035946378,4445,253081,8180035946378,8180026771189,0,8179997149842,
0,3809175,8179965523370,8179982190036,0,8179992420038,8179992420675,8179992603768,8179992640812,8180065523366,8179992412518,16666666,8179993523233,8180026837335,8180026930992,8180030998813,8180068678543,7311,418965,8180068678543,8180054162698,0,8180030998813,
0,3809183,8179998856702,8180015523368,0,8180027543878,8180027544670,8180027745601,8180027784557,8180098856698,8180027535399,16666666,8180029100805,8180054243783,8180054385363,8180061143879,8180100321667,7621322,274792,8180100321667,8180089519180,0,8180061143879,
0,3809191,8180032190034,8180048856700,0,8180055437762,8180055439038,8180055705063,8180055756690,8180132190030,8180055420501,16666666,8180057914986,8180089601648,8180089731453,8180091560942,8180134807463,7373,254849,8180134807463,8180115841334,0,8180091560942,
0,3809199,8180065523366,8180082190032,0,8180090397140,8180090397693,8180090640903,8180090683591,8180165523362,8180090384260,16666666,8180091985222,8180115922779,8180116094883,8180120582893,8180150127888,9210611,555343,8180150127888,8180148061506,0,8180120582893,
0,3809207,8180098856698,8180115523364,0,8180117417700,8180117418544,8180117586821,8180117625228,8180182190028,8180117405981,16666666,8180118929427,8180148140548,8180148266737,8180153872001,8180182988108,6522,258284,8180182988108,8180179788524,0,8180153872001,
0,3809214,8180115523364,8180148856696,0,8180150209082,8180150209667,8180151024690,8180151067972,8180215523360,8180150196954,16666666,8180152646823,8180179915286,8180180276766,8180183040419,8180215961593,6918,289729,8180215961593,8180209661542,0,8180183040419,
0,3809223,8180165523362,8180165523362,0,8180181092157,8180181092614,8180181609896,8180181651434,8180248856692,8180181084974,16666666,8180183162274,8180209739536,8180209886659,8180212803375,8180251973893,8348,317755,8180251973893,8180239824786,0,8180212803375,
0,3809231,8180198856694,8180198856694,0,8180210626344,8180210626921,8180211017588,8180211062909,8180282190024,8180210620786,16666666,8180212483055,8180239922068,8180240139903,8180244359373,8180282442382,7008,282426,8180282442382,8180270546913,0,8180244359373,
0,3809239,8180215523360,8180232190026,0,8180243757547,8180243758170,8180243904154,8180243938260,8180315523356,8180243748348,16666666,8180245055879,8180270615367,8180270739087,8180274284185,8180307411004,6080,426302,8180306510103,8180307411004,0,8180274284185,
0,3809247,8180248856692,8180265523358,0,8180272607095,8180272608062,8180272890705,8180272931781,8180332190022,8180272593628,16666666,8180274242586,8180311899084,8180312341187,8180316212140,8180351084216,8910,321672,8180351084216,8180346125686,0,8180316212140,
0,3809255,8180282190024,8180298856690,0,8180314197245,8180314198341,8180314399210,8180314436136,8180382190020,8180314185727,16666666,8180315345784,8180348127182,8180348253013,8180353621986,8180386423003,7257,364186,8180386313791,8180386423003,0,8180353621986,
0,3809263,8180315523356,8180365523354,0,8180377684066,8180377685652,8180379527388,8180379576786,8180415523352,8180377665579,16666666,8180381028086,8180392794432,8180392976059,8180398071184,8180432452239,5339,239789,8180432452239,8180424563858,0,8180398071184,
0,3809271,8180382190020,8180382190020,0,8180394406697,8180394407722,8180394651216,8180394695686,8180465523350,8180394401349,16666666,8180396413299,8180425589104,8180425723169,8180430519845,8180469410293,7960,325154,8180469410293,8180458155788,0,8180430519845,
0,3809279,8180398856686,8180415523352,0,8180426530743,8180426531672,8180426720091,8180426758716,8180498856682,8180426521347,16666666,8180427939977,8180458244318,8180458397088,8180461643688,8180500205146,4661,254599,8180500205146,8180490229123,0,8180461643688,
0,3809287,8180432190018,8180448856684,0,8180461778323,8180461779262,8180461990375,8180462030726,8180532190014,8180461768481,16666666,8180463390434,8180490299344,8180490414560,8180494747738,8180534411695,7001,582922,8180534411695,8180522389078,0,8180494747738,
0,3809295,8180465523350,8180482190016,0,8180491381367,8180491381911,8180491528099,8180491565958,8180565523346,8180491370079,16666666,8180492596338,8180522471662,8180522601404,8180526537341,8180565786820,6374,359871,8180565786820,8180554507553,0,8180526537341,
0,3809303,8180498856682,8180515523348,0,8180526631618,8180526632649,8180526979690,8180527036083,8180598856678,8180526618450,16666666,8180531581536,8180554584771,8180554713524,8180557973624,8180586153199,7854,344909,8180585961404,8180586153199,0,8180557973624,
0,3809311,8180532190014,8180548856680,0,8180555881604,8180555882336,8180556146981,8180556187052,8180615523344,8180555873154,16666666,8180557448355,8180586229521,8180586354502,8180591229566,8180632977922,8725,594588,8180632977922,8180617217837,0,8180591229566,
0,3809319,8180565523346,8180582190012,0,8180589072800,8180589073745,8180589320150,8180589360432,8180665523342,8180589061929,16666666,8180590676496,8180617294526,8180617430562,8180623813337,8180652545437,2190795,260799,8180652545437,8180643182939,0,8180623813337,
0,3809327,8180598856678,8180615523344,0,8180619446085,8180619447644,8180619736591,8180619780230,8180682190008,8180619432203,16666666,8180622652239,8180643240443,8180643348768,8180646797223,8180677335704,5265,308646,8180677258065,8180677335704,0,8180646797223,
0,3809335,8180632190010,8180632190010,0,8180648483350,8180648484266,8180648656613,8180648694675,8180698856674,8180648474915,16666666,8180649628544,8180677401486,8180677508663,8180680396001,8180715729746,5189,293867,8180715729746,8180713550370,0,8180680396001,
0,3809343,8180648856676,8180665523342,0,8180678207082,8180678207681,8180678392626,8180678438793,8180748856672,8180678192348,16666666,8180679864574,8180713616506,8180713723269,8180717724478,8180744690467,7011,285935,8180744583239,8180744690467,0,8180717724478,
0,3809351,8180682190008,8180698856674,0,8180714418300,8180714419073,8180714713842,8180714761963,8180765523338,8180714405268,16666666,8180728750413,8180744764605,8180744908832,8180748479631,8180783119068,5933,262905,8180783119068,8180780461050,0,8180748479631,
0,3809359,8180715523340,8180732190006,0,8180746216612,8180746217487,8180746485485,8180746523820,8180815523336,8180746205585,16666666,8180747790457,8180780518719,8180780641919,8180783066320,8180832397082,5456,204641,8180832397082,8180816042798,0,8180783066320,
0,3809367,8180748856672,8180798856670,0,8180807580792,8180807582233,8180807753504,8180807790967,8180865523334,8180807567881,16666666,8180809313059,8180818332175,8180818455135,8180823240486,8180865771753,7242,351022,8180865771753,8180849714945,0,8180823240486,
0,3809375,8180815523336,8180815523336,0,8180821118274,8180821119332,8180821563178,8180821610270,8180898856666,8180821111381,16666666,8180824247247,8180849937908,8180850079634,8180855442144,8180882454138,7936,279199,8180882454138,8180879541370,0,8180855442144,
0,3809383,8180832190002,8180848856668,0,8180853954734,8180853955611,8180854159713,8180854199940,8180915523332,8180853944492,16666666,8180855573367,8180881430182,8180881556643,8180888769157,8180919994102,7600,315534,8180919994102,8180914160907,0,8180888769157,
0,3809391,8180865523334,8180882190000,0,8180882620653,8180882621583,8180882827316,8180882893907,8180948856664,8180882610083,16666666,8180884390529,8180916286163,8180916408913,8180922465483,8180969115597,9221,581960,8180969115597,8180948322777,0,8180922465483,
0,3809400,8180915523332,8180915523332,0,8180922325979,8180922326608,8180922630629,8180922686526,8180998856662,8180922319009,16666666,8180924196875,8180949408101,8180949544330,8180955888189,8180981298265,7361760,586492,8180973819164,8180981298265,0,8180955888189,
0,3809407,8180932189998,8180948856664,0,8180953004547,8180953005478,8180953326413,8180953369927,8181015523328,8180952991527,16666666,8180955314989,8180983309426,8180983442801,8180988510322,8181032484620,5354,271633,8181032484620,8181015779490,0,8180988510322,
0,3809415,8180965523330,8180982189996,0,8180987127859,8180987129009,8180987346657,8180987389333,8181065523326,8180987115137,16666666,8180989042951,8181017519772,8181017649189,8181022371342,8181051016012,1597604,307766,8181051016012,8181046114674,0,8181022371342,
0,3809423,8180998856662,8181015523328,0,8181018431095,8181018431767,8181018580240,8181018619241,8181082189992,8181018422979,16666666,8181019526464,8181046199288,8181046332532,8181052994349,8181082371340,6558344,512645,8181082371340,8181077508071,0,8181052994349,
0,3809431,8181032189994,8181032189994,0,8181048789382,8181048789992,8181048976096,8181049016873,8181115523324,8181048784861,16666666,8181050741850,8181077591559,8181077735627,8181084584116,8181110436915,7740,560587,8181110293757,8181110436915,0,8181084584116,
0,3809439,8181048856660,8181065523326,0,8181081306904,8181081307414,8181081515770,8181081555955,8181132189990,8181081295531,16666666,8181083063902,8181110516983,8181110651643,8181116220015,8181150322570,9043,363255,8181150322570,8181143205780,0,8181116220015,
0,3809448,8181082189992,8181098856658,0,8181113759463,8181113760262,8181114043255,8181114084564,8181182189988,8181113749013,16666666,8181115395770,8181143293785,8181143438014,8181147402960,8181183999389,6505,321120,8181183999389,8181174934145,0,8181147402960,
0,3809456,8181115523324,8181132189990,0,8181144166032,8181144166619,8181144344744,8181144386712,8181215523320,8181144153253,16666666,8181145633904,8181175010308,8181175137221,8181178591204,8181210188122,5146,445624,8181210114622,8181210188122,0,8181178591204,
0,3809464,8181148856656,8181165523322,0,8181175744569,8181175745399,8181175936131,8181175976101,8181232189986,8181175731666,16666666,8181177308905,8181210256277,8181210360641,8181212817433,8181242414788,8823,272797,8181242296301,8181242414788,0,8181212817433,
0,3809472,8181182189988,8181198856654,0,8181211038274,8181211039132,8181211224152,8181211264984,8181265523318,8181211026093,16666666,8181212672232,8181242486329,8181242622562,8181249274195,8181299326392,6249,270560,8181299326392,8181282384948,0,8181249274195,
0,3809480,8181215523320,8181232189986,0,8181246019444,8181246020330,8181246215418,8181246254128,8181332189982,8181246007865,16666666,8181247790122,8181282466219,8181282613413,8181285573500,8181316518433,6511,3776751,8181316518433,8181313540682,0,8181285573500,
0,3809488,8181248856652,8181282189984,0,8181296190622,8181296191978,8181296474555,8181296518509,8181265523318,8181296174742,16666666,8181297960704,8181314809875,8181314929948,8181321553840,8177359147909,17869764,502659,8177359014930,8181358876299,0,8181321553840,
0,3809496,8181298856650,8181315523316,0,8181316563765,8181316564474,8181316702055,8181316740034,8181348856648,8181316553928,16666666,8181317549923,8181359845244,8181359986861,8181363071833,8181400471889,8257,453044,8181400471889,8181386884909,0,8181363071833,
0,3809505,8181332189982,8181348856648,0,8181361062015,8181361062829,8181361429979,8181361479518,8181432189978,8181361051194,16666666,8181363116373,8181388884224,8181389012942,8181394368734,8181434277912,6853,245775,8181434277912,8181417509611,0,8181394368734,
0,3809513,8181365523314,8181382189980,0,8181389524134,8181389524652,8181389654871,8181389690637,8181465523310,8181389514734,16666666,8181390963699,8181419885727,8181420055961,8181425249346,8181450127221,6734154,421928,8181449971596,8181450127221,0,8181425249346,
0,3809521,8181398856646,8181415523312,0,8181421371545,8181421372238,8181421587482,8181421630343,8181482189976,8181421359656,16666666,8181422966230,8181453456785,8181453597509,8181457306102,8181499091142,5013,196491,8181499091142,8181482659027,0,8181457306102,
0,3809529,8181432189978,8181448856644,0,8181454550134,8181454550625,8181454903054,8181454945337,8181532189974,8181454538939,16666666,8181456311041,8181483392289,8181483504350,8181487351366,8181516719930,3349581,359011,8181516719930,8181511554043,0,8181487351366,
0,3809537,8181465523310,8181482189976,0,8181487150959,8181487151925,8181487481782,8181487525479,8181548856640,8181487139919,16666666,8181488905191,8181511630899,8181514487014,8181517383687,8181549118006,6210,271662,8181549118006,8181542926493,0,8181517383687,
0,3809545,8181498856642,8181498856642,0,8181512503505,8181512504191,8181512716368,8181512754998,8181582189972,8181512497880,16666666,8181514041951,8181543002884,8181543135380,8181548909295,8181582391929,7266,308641,8181582391929,8181573259872,0,8181548909295,
0,3809553,8181515523308,8181532189974,0,8181546620966,8181546621599,8181546824562,8181546890823,8181615523304,8181546610001,16666666,8181548346452,8181573334561,8181573465619,8181576826478,8181616294489,5492,227469,8181616294489,8181601318212,0,8181576826478,
0,3809561,8181548856640,8181565523306,0,8181576607515,8181576608232,8181576894389,8181576935145,8181648856636,8181576594162,16666666,8181578320724,8181601382193,8181601523040,8181604810783,8181632455477,6261,422584,8181632455477,8181625161061,0,8181604810783,
0,3809569,8181582189972,8181598856638,0,8181602706329,8181602707001,8181602836445,8181602883152,8181665523302,8181602691356,16666666,8181603741521,8181625235317,8181625359542,8181628595014,8181665745094,7723,288727,8181665745094,8181657102365,0,8181628595014,
0,3809577,8181615523304,8181615523304,0,8181625846019,8181625846522,8181625986979,8181626023631,8181698856634,8181625841351,16666666,8181626854081,8181657184787,8181657311270,8181659480770,8181699463665,6330,257831,8181699463665,8181685529860,0,8181659480770,
0,3809585,8181632189970,8181648856636,0,8181657807768,8181657808244,8181657946256,8181657982777,8181732189966,8181657797868,16666666,8181658837456,8181685610236,8181685747351,8181691347508,8181738178818,501724,243960,8181738178818,8181716294526,0,8181691347508,
0,3809593,8181665523302,8181682189968,0,8181688643559,8181688644240,8181688833885,8181688889458,8181765523298,8181688632974,16666666,8181690181695,8181716351052,8181716455084,8181720477276,8181758127480,15254764,271302,8181758127480,8181757232834,0,8181720477276,
0,3809601,8181698856634,8181715523300,0,8181718302215,8181718303892,8181718778491,8181718841590,8181782189964,8181718284517,16666666,8181721947772,8181757312973,8181757506887,8181766552502,8181792786520,5807,240858,8181792700467,8181792786520,0,8181766552502,
0,3809609,8181732189966,8181748856632,0,8181759306302,8181759307901,8181759845110,8181759917846,8181815523296,8181759292922,16666666,8181761349942,8181793479154,8181793596575,8181797895503,8181833051570,6646,295800,8181833051570,8181830626338,0,8181797895503,
0,3809617,8181765523298,8181782189964,0,8181795824099,8181795824751,8181796074132,8181796108741,8181865523294,8181795813171,16666666,8181801641351,8181832798532,8181832961035,8181839311929,8181872241840,6485,506129,8181872241840,8181862803598,0,8181839311929,
0,3809625,8181798856630,8181832189962,0,8181841085872,8181841088062,8181841538930,8181841585380,8181898856626,8181841072417,16666666,8181843001427,8181863861582,8181864054346,8181872642179,8181899375995,933532,503661,8181899375995,8181893257216,0,8181872642179,
0,3809634,8181848856628,8181865523294,0,8181869432485,8181869433229,8181869709825,8181869747281,8181932189958,8181869420886,16666666,8181871465076,8181894233006,8181894360597,8181900487515,8181929412901,6625,234207,8181929296718,8181929412901,0,8181900487515,
0,3809642,8181865523294,8181882189960,0,8181894554563,8181894555069,8181895057680,8181895097468,8181948856624,8181894544116,16666666,8181895989775,8181930415031,8181930545205,8181936104901,8181965978479,6924,299421,8181965978479,8181962664840,0,8181936104901,
0,3809651,8181898856626,8181915523292,0,8181931686187,8181931687498,8181932349325,8181932401585,8181998856622,8181931673262,16666666,8181934880252,8181965483243,8181966169139,8181969593975,8181995736782,6497,274029,8181995632985,8181995736782,0,8181969593975,
0,3809659,8181932189958,8181965523290,0,8181975687430,8181975688346,8181975839094,8181975895619,8182015523288,8181975676639,16666666,8181977201482,8181996803807,8181996961268,8182001712138,8182032834119,6841,331198,8182032834119,8182027265799,0,8182001712138,
0,3809667,8181982189956,8181982189956,0,8181997848074,8181997848837,8181998122510,8181998164695,8182065523286,8181997843696,16666666,8181999051729,8182027345356,8182027470810,8182030690789,8182066400796,6694,282119,8182066400796,8182057302878,0,8182030690789,
0,3809675,8181998856622,8182015523288,0,8182028028875,8182028029600,8182028207047,8182028244071,8182098856618,8182027998993,16666666,8182029125782,8182057401026,8182057533380,8182059963103,8182099017961,7296,627228,8182099017961,8182082400156,0,8182059963103,
0,3809683,8182032189954,8182048856620,0,8182059036671,8182059037219,8182059291817,8182059332770,8182132189950,8182059024511,16666666,8182062622242,8182082476264,8182082594672,8182089362145,8182117360447,7533,334035,8182117360447,8182112040523,0,8182089362145,
0,3809691,8182065523286,8182082189952,0,8182085985113,8182085985601,8182086216012,8182086257489,8182148856616,8182085974926,16666666,8182087648324,8182112118815,8182112260350,8182116307714,8182149204906,6165,295106,8182149204906,8182142509424,0,8182116307714,
0,3809698,8182082189952,8182098856618,0,8182113228453,8182113228846,8182113812832,8182113852189,8182182189948,8182113218266,16666666,8182115374458,8182142589820,8182142907699,8182149956514,8182199523415,6533,589736,8182199523415,8182181507546,0,8182149956514,
0,3809707,8182115523284,8182132189950,0,8182145750575,8182145751559,8182145968486,8182146008997,8182232189946,8182145736818,16666666,8182147470505,8182181582661,8182181708920,8182185208794,8182215680192,12306109,305211,8182215680192,8182215219376,0,8182185208794,
0,3809715,8182148856616,8182182189948,0,8182182216931,8182182217521,8182182344006,8182182382020,8182248856612,8182182206915,16666666,8182183237058,8182215335841,8182215458561,8182220468341,8182249099589,6524,267814,8182249099589,8182245522539,0,8182220468341,
0,3809723,8182198856614,8182215523280,0,8182216682654,8182216683417,8182217014016,8182217058405,8182282189944,8182216671317,16666666,8182218328471,8182245587274,8182245709114,8182249933097,8182283016888,7896,281112,8182283016888,8182275887084,0,8182249933097,
0,3809731,8182232189946,8182232189946,0,8182246460647,8182246461369,8182246630478,8182246665954,8182315523276,8182246456062,16666666,8182247561050,8182277207777,8182277325629,8182284674741,8182315755961,6225,272058,8182315755961,8182310536588,0,8182284674741,
0,3809739,8182248856612,8182265523278,0,8182279732670,8182279734037,8182280124857,8182280166555,8182348856608,8182279715726,16666666,8182281585041,8182313872446,8182314534002,8182317452808,8182344635995,4058,237259,8182344579544,8182344635995,0,8182317452808,
0,3809747,8182282189944,8182315523276,0,8182317252026,8182317253735,8182317716663,8182317763884,8182365523274,8182317238687,16666666,8182319795389,8182345630132,8182345739316,8182350782939,8182383687971,5218,473576,8182383687971,8182379431898,0,8182350782939,
0,3809755,8182332189942,8182332189942,0,8182348487244,8182348488106,8182348753907,8182348794156,8182415523272,8182348481356,16666666,8182350740870,8182380835094,8182383102971,8182386242011,8182408958778,1753564,254814,8182407129023,8182408958778,0,8182386242011,
0,3809763,8182348856608,8182365523274,0,8182381782447,8182381783086,8182382069594,8182382109144,8182432189938,8182381773191,16666666,8182383025169,8182409953464,8182410059488,8182415629291,8182465708573,8891,267104,8182465708573,8182449825377,0,8182415629291,
0,3809771,8182382189940,8182398856606,0,8182410859942,8182410860867,8182411038798,8182411075171,8182498856602,8182410847429,16666666,8182412044105,8182449919859,8182450056819,8182456424317,8182483981343,4970,217777,8182483981343,8182476820022,0,8182456424317,
0,3809780,8182415523272,8182448856604,0,8182450947866,8182450948294,8182451144603,8182451185781,8182515523268,8182450936561,16666666,8182452681738,8182477541811,8182482099191,8182484919360,8182516146461,6248,258441,8182516146461,8182513481219,0,8182484919360,
0,3809788,8182465523270,8182465523270,0,8182478822215,8182478823274,8182479042616,8182479083331,8182548856600,8182478813238,16666666,8182481972466,8182513551645,8182513682488,8182517071107,8182550119569,4919,245071,8182550119569,8182545617718,0,8182517071107,
0,3809796,8182482189936,8182498856602,0,8182514768377,8182514769292,8182514971656,8182515011417,8182582189932,8182514756041,16666666,8182519727188,8182545681801,8182545786547,8182547842719,8182582948590,14308067,253748,8182582659540,8182582948590,0,8182547842719,
0,3809804,8182532189934,8182532189934,0,8182546606169,8182546606780,8182546721834,8182546757219,8182615523264,8182546601583,16666666,8182547625560,8182583057482,8182583183337,8182585092645,8182616192216,9215,259087,8182616192216,8182611187697,0,8182585092645,
0,3809812,8182548856600,8182582189932,0,8182584074633,8182584075694,8182584305062,8182584349070,8182648856596,8182584060708,16666666,8182585664307,8182611252892,8182611376217,8182618490949,8182641730066,5164,285086,8182641665561,8182641730066,0,8182618490949,
0,3809821,8182598856598,8182598856598,0,8182611820985,8182611821477,8182611942058,8182612116233,8182665523262,8182611817279,16666666,8182613860416,8182641798178,8182641924747,8182647195252,8182685373908,4817,262758,8182685373908,8182671472081,0,8182647195252,
0,3809829,8182615523264,8182632189930,0,8182643686505,8182643687185,8182643821784,8182643860768,8182632189930,8182643675175,16666666,8182644759511,8182671546620,8182671647667,8182673322621,8178768372297,5326,239128,8178768372297,8182701216215,0,8182673322621,
---PROFILEDATA---


View hierarchy:

  co.fallsoft.pocket/co.fallsoft.pocket.MainActivity/android.view.ViewRootImpl@5ccee6
  7 views, 11.96 kB of render nodes


Total ViewRootImpl   : 1
Total attached Views : 7
Total RenderNode     : 11.96 kB (used) / 36.03 kB (capacity)
